0	0	0
0	1	0
0	2	0
0	3	0
0	4	0
0	5	0
0	6	0
0	7	0
0	9	0
0	10	0
0	11	0
0	12	0
0	13	0
0	14	0
0	15	0
0	16	0
0	17	0
0	18	0
0	19	0
0	20	0
0	21	0
0	22	0
0	23	0
0	24	0
0	25	0
0	26	0
0	27	0
1	28	0
1	29	0
1	30	0
1	31	0
1	32	0
1	33	0
1	34	0
1	35	0
1	36	0
1	37	0
1	38	0
1	39	0
1	40	0
1	41	0
1	42	0
1	43	0
1	44	0
1	45	0
1	46	0
1	47	0
1	48	0
1	49	0
1	50	0
1	52	0
1	53	0
1	55	0
1	56	0
2	57	0
2	58	0
2	59	0
2	60	0
2	61	0
2	62	0
2	63	0
2	64	0
2	65	0
2	66	0
2	67	0
2	68	0
2	70	0
2	71	0
2	72	0
2	73	0
2	74	0
2	75	0
2	76	0
2	77	0
2	78	0
2	79	0
2	80	0
2	81	0
2	82	0
2	83	0
2	84	0
2	85	0
2	86	0
3	87	0
3	88	0
3	90	0
3	91	0
3	93	0
3	94	0
3	95	0
3	96	0
3	97	0
3	98	0
3	99	0
3	100	0
3	101	0
3	102	0
3	104	0
3	105	0
3	106	0
3	108	0
3	109	0
3	110	0
3	112	0
3	113	0
3	114	0
3	115	0
3	116	0
4	117	0
4	118	0
4	120	0
4	121	0
4	123	0
4	124	0
4	125	0
4	126	0
4	127	0
4	128	0
4	129	0
4	130	0
4	131	0
4	132	0
4	133	0
4	134	0
4	135	0
4	136	0
4	137	0
4	138	0
4	139	0
4	140	0
4	141	0
4	142	0
4	143	0
5	145	0
5	146	0
5	147	0
5	148	0
5	149	0
5	150	0
5	151	0
5	152	0
5	153	0
5	154	0
5	155	0
5	156	0
5	157	0
5	158	0
5	159	0
5	160	0
5	161	0
5	162	0
5	164	0
5	165	0
5	166	0
5	167	0
5	168	0
5	169	0
5	170	0
5	171	0
5	172	0
5	173	0
5	174	0
5	175	0
5	176	0
5	177	0
5	178	0
5	179	0
5	180	0
5	181	0
5	182	0
5	183	0
5	184	0
6	185	0
6	186	0
6	187	0
6	188	0
6	189	0
6	190	0
6	191	0
6	192	0
6	193	0
6	194	0
6	195	0
6	196	0
6	197	0
6	198	0
6	199	0
6	200	0
6	201	0
6	202	0
6	203	0
6	204	0
6	205	0
6	206	0
6	207	0
6	208	0
6	209	0
6	210	0
6	211	0
6	212	0
6	213	0
6	214	0
6	215	0
6	216	0
6	217	0
6	218	0
6	219	0
6	220	0
6	221	0
7	222	0
7	223	0
7	224	0
7	225	0
7	226	0
7	227	0
7	228	0
7	229	0
7	230	0
7	231	0
7	232	0
7	233	0
7	234	0
7	235	0
7	236	0
7	237	0
7	238	0
7	239	0
7	240	0
7	241	0
7	242	0
7	243	0
7	244	0
7	245	0
7	246	0
7	247	0
7	248	0
7	250	0
7	251	0
7	252	0
7	253	0
7	254	0
7	255	0
8	256	0
8	257	0
8	258	0
8	259	0
8	260	0
8	261	0
8	262	0
8	263	0
8	264	0
8	265	0
8	266	0
8	267	0
8	268	0
8	270	0
8	271	0
8	272	0
8	273	0
8	274	0
8	275	0
8	276	0
8	277	0
8	278	0
8	279	0
8	280	0
8	281	0
8	282	0
8	283	0
8	284	0
8	285	0
8	286	0
8	287	0
8	288	0
8	289	0
8	290	0
9	291	0
9	292	0
9	293	0
9	294	0
9	295	0
9	296	0
9	297	0
9	298	0
9	299	0
9	300	0
9	301	0
9	302	0
9	303	0
9	305	0
9	306	0
9	307	0
9	308	0
9	309	0
9	310	0
9	311	0
9	312	0
9	313	0
9	314	0
9	315	0
9	316	0
9	317	0
9	318	0
9	319	0
9	320	0
9	322	0
9	323	0
9	324	0
9	325	0
9	326	0
9	327	0
9	328	0
10	329	0
10	330	0
10	331	0
10	332	0
10	333	0
10	334	0
10	335	0
10	336	0
10	338	0
10	339	0
10	340	0
10	341	0
10	342	0
10	343	0
10	345	0
10	346	0
10	347	0
10	348	0
10	349	0
10	350	0
10	351	0
10	352	0
10	353	0
10	354	0
10	355	0
10	356	0
10	357	0
10	358	0
10	359	0
11	360	0
11	361	0
11	362	0
11	363	0
11	364	0
11	365	0
11	366	0
11	367	0
11	368	0
11	369	0
11	370	0
11	371	0
11	372	0
11	373	0
11	374	0
11	375	0
11	376	0
11	377	0
11	378	0
11	379	0
11	381	0
11	382	0
11	384	0
11	385	0
11	386	0
11	388	0
11	389	0
11	390	0
11	391	0
12	392	0
12	393	0
12	394	0
12	395	0
12	396	0
12	397	0
12	398	0
12	399	0
12	400	0
12	401	0
12	402	0
12	403	0
12	404	0
12	405	0
12	406	0
12	407	0
12	408	0
12	409	0
12	410	0
12	411	0
12	412	0
12	413	0
12	414	0
12	415	0
12	416	0
12	417	0
12	418	0
12	419	0
12	420	0
12	421	0
12	422	0
12	423	0
12	424	0
12	425	0
12	426	0
12	427	0
13	428	0
13	429	0
13	430	0
13	431	0
13	432	0
13	433	0
13	434	0
13	435	0
13	436	0
13	437	0
13	438	0
13	439	0
13	440	0
13	441	0
13	442	0
13	443	0
13	444	0
13	445	0
13	446	0
13	447	0
13	448	0
13	449	0
13	450	0
13	451	0
13	452	0
13	453	0
13	455	0
13	456	0
13	457	0
13	458	0
13	460	0
14	461	0
14	462	0
14	464	0
14	465	0
14	466	0
14	467	0
14	468	0
14	469	0
14	470	0
14	471	0
14	472	0
14	473	0
14	474	0
14	475	0
14	476	0
14	477	0
14	478	0
14	479	0
14	480	0
14	481	0
14	482	0
14	484	0
14	486	0
14	487	0
14	488	0
14	489	0
14	490	0
14	491	0
15	492	0
15	493	0
15	494	0
15	495	0
15	496	0
15	497	0
15	498	0
15	499	0
15	500	0
15	501	0
15	502	0
15	503	0
15	504	0
15	505	0
15	506	0
15	507	0
15	508	0
15	509	0
15	510	0
15	511	0
15	512	0
15	513	0
15	514	0
15	515	0
15	516	0
15	517	0
15	518	0
15	519	0
15	520	0
15	521	0
15	522	0
15	523	0
15	524	0
15	525	0
16	555	0
16	556	0
16	557	0
16	558	0
16	559	0
16	560	0
16	561	0
16	562	0
16	563	0
16	564	0
16	565	0
16	566	0
16	567	0
16	568	0
16	570	0
16	571	0
16	572	0
16	573	0
16	574	0
16	575	0
16	576	0
16	577	0
16	579	0
16	581	0
16	582	0
16	583	0
16	585	0
16	587	0
17	526	0
17	527	0
17	528	0
17	529	0
17	530	0
17	531	0
17	532	0
17	533	0
17	534	0
17	535	0
17	536	0
17	537	0
17	538	0
17	539	0
17	540	0
17	541	0
17	542	0
17	543	0
17	544	0
17	545	0
17	546	0
17	547	0
17	549	0
17	550	0
17	551	0
17	552	0
17	553	0
18	613	0
18	614	0
18	615	0
18	616	0
18	617	0
18	618	0
18	619	0
18	620	0
18	621	0
18	622	0
18	623	0
18	624	0
18	627	0
18	628	0
18	629	0
18	630	0
18	631	0
18	632	0
18	634	0
18	635	0
18	636	0
18	637	0
18	638	0
18	639	0
18	640	0
18	641	0
18	642	0
18	643	0
18	644	0
19	589	0
19	590	0
19	591	0
19	592	0
19	593	0
19	594	0
19	595	0
19	596	0
19	597	0
19	598	0
19	599	0
19	600	0
19	602	0
19	603	0
19	604	0
19	605	0
19	606	0
19	607	0
19	608	0
19	609	0
19	610	0
19	611	0
19	612	0
20	683	0
20	684	0
20	685	0
20	686	0
20	687	0
20	688	0
20	689	0
20	690	0
20	691	0
20	692	0
20	693	0
20	694	0
20	695	0
20	697	0
20	698	0
20	699	0
20	700	0
20	701	0
20	702	0
20	704	0
20	705	0
20	706	0
20	707	0
20	708	0
20	709	0
20	710	0
20	711	0
20	712	0
20	713	0
20	714	0
20	715	0
21	647	0
21	648	0
21	649	0
21	650	0
21	651	0
21	652	0
21	653	0
21	654	0
21	655	0
21	656	0
21	657	0
21	658	0
21	659	0
21	660	0
21	661	0
21	662	0
21	663	0
21	664	0
21	665	0
21	666	0
21	667	0
21	668	0
21	669	0
21	670	0
21	671	0
21	672	0
21	673	0
21	674	0
21	675	0
21	676	0
21	677	0
21	678	0
21	679	0
21	680	0
21	681	0
21	682	0
22	749	0
22	750	0
22	751	0
22	752	0
22	753	0
22	754	0
22	755	0
22	756	0
22	757	0
22	758	0
22	759	0
22	760	0
22	761	0
22	762	0
22	763	0
22	764	0
22	765	0
22	766	0
22	768	0
22	769	0
22	770	0
22	771	0
22	772	0
22	773	0
22	775	0
22	776	0
22	777	0
22	778	0
22	780	0
23	716	0
23	717	0
23	718	0
23	719	0
23	720	0
23	721	0
23	722	0
23	723	0
23	724	0
23	725	0
23	726	0
23	727	0
23	728	0
23	729	0
23	730	0
23	731	0
23	732	0
23	733	0
23	734	0
23	735	0
23	736	0
23	737	0
23	738	0
23	739	0
23	740	0
23	741	0
23	742	0
23	743	0
23	744	0
23	745	0
23	746	0
23	747	0
23	748	0
24	809	0
24	810	0
24	811	0
24	812	0
24	813	0
24	814	0
24	815	0
24	816	0
24	817	0
24	818	0
24	819	0
24	820	0
24	821	0
24	822	0
24	823	0
24	824	0
24	825	0
24	826	0
24	827	0
24	828	0
24	829	0
24	830	0
24	831	0
24	832	0
24	833	0
24	834	0
24	835	0
24	836	0
24	837	0
25	781	0
25	782	0
25	783	0
25	784	0
25	785	0
25	786	0
25	787	0
25	788	0
25	789	0
25	790	0
25	791	0
25	792	0
25	793	0
25	794	0
25	795	0
25	796	0
25	797	0
25	798	0
25	799	0
25	800	0
25	801	0
25	802	0
25	803	0
25	804	0
25	805	0
25	807	0
25	808	0
26	870	0
26	871	0
26	872	0
26	873	0
26	874	0
26	875	0
26	876	0
26	877	0
26	878	0
26	879	0
26	880	0
26	881	0
26	882	0
26	883	0
26	884	0
26	885	0
26	886	0
26	887	0
26	888	0
26	889	0
26	890	0
26	891	0
26	892	0
26	893	0
26	894	0
26	895	0
26	897	0
26	898	0
26	899	0
27	838	0
27	839	0
27	840	0
27	841	0
27	842	0
27	843	0
27	844	0
27	845	0
27	846	0
27	847	0
27	848	0
27	849	0
27	850	0
27	851	0
27	852	0
27	853	0
27	854	0
27	855	0
27	856	0
27	857	0
27	858	0
27	859	0
27	860	0
27	861	0
27	862	0
27	863	0
27	864	0
27	865	0
27	866	0
27	867	0
27	868	0
27	869	0
28	929	0
28	930	0
28	931	0
28	932	0
28	933	0
28	934	0
28	935	0
28	936	0
28	937	0
28	938	0
28	939	0
28	940	0
28	941	0
28	942	0
28	943	0
28	944	0
28	945	0
28	946	0
28	947	0
28	948	0
28	949	0
28	950	0
28	951	0
28	952	0
28	953	0
28	954	0
28	955	0
28	956	0
28	957	0
28	958	0
28	959	0
28	960	0
28	961	0
29	900	0
29	901	0
29	902	0
29	903	0
29	904	0
29	905	0
29	906	0
29	907	0
29	908	0
29	909	0
29	910	0
29	911	0
29	912	0
29	913	0
29	914	0
29	915	0
29	916	0
29	917	0
29	918	0
29	919	0
29	920	0
29	921	0
29	922	0
29	923	0
29	924	0
29	925	0
29	926	0
29	928	0
30	994	0
30	995	0
30	996	0
30	997	0
30	998	0
30	999	0
30	1000	0
30	1001	0
30	1002	0
30	1003	0
30	1004	0
30	1005	0
30	1006	0
30	1007	0
30	1008	0
30	1009	0
30	1010	0
30	1011	0
30	1012	0
30	1013	0
30	1014	0
30	1015	0
30	1016	0
30	1017	0
30	1018	0
30	1019	0
30	1020	0
30	1022	0
30	1024	0
30	1025	0
31	962	0
31	963	0
31	964	0
31	965	0
31	966	0
31	967	0
31	968	0
31	970	0
31	971	0
31	972	0
31	973	0
31	974	0
31	975	0
31	976	0
31	977	0
31	978	0
31	979	0
31	980	0
31	981	0
31	982	0
31	983	0
31	984	0
31	985	0
31	986	0
31	987	0
31	988	0
31	989	0
31	990	0
31	991	0
31	992	0
31	993	0
32	1093	0
32	1094	0
32	1095	0
32	1096	0
32	1097	0
32	1098	0
32	1099	0
32	1100	0
32	1101	0
32	1102	0
32	1103	0
32	1104	0
32	1105	0
32	1106	0
32	1107	0
32	1108	0
32	1109	0
32	1110	0
32	1111	0
32	1112	0
32	1113	0
32	1114	0
32	1115	0
32	1116	0
32	1117	0
32	1118	0
32	1119	0
33	1120	0
33	1121	0
33	1122	0
33	1123	0
33	1124	0
33	1125	0
33	1126	0
33	1127	0
33	1128	0
33	1129	0
33	1130	0
33	1131	0
33	1132	0
33	1133	0
33	1134	0
33	1135	0
33	1136	0
33	1137	0
33	1138	0
33	1139	0
33	1140	0
33	1141	0
33	1142	0
33	1143	0
33	1144	0
33	1145	0
33	1146	0
33	1147	0
33	1148	0
33	1149	0
33	1150	0
34	1026	0
34	1027	0
34	1028	0
34	1030	0
34	1031	0
34	1032	0
34	1033	0
34	1034	0
34	1036	0
34	1037	0
34	1038	0
34	1039	0
34	1040	0
34	1041	0
34	1042	0
34	1043	0
34	1044	0
34	1045	0
34	1047	0
34	1048	0
34	1049	0
34	1050	0
34	1051	0
34	1052	0
34	1053	0
34	1054	0
34	1055	0
34	1056	0
34	1057	0
34	1058	0
35	1059	0
35	1060	0
35	1061	0
35	1062	0
35	1063	0
35	1064	0
35	1065	0
35	1066	0
35	1067	0
35	1068	0
35	1069	0
35	1070	0
35	1071	0
35	1072	0
35	1073	0
35	1074	0
35	1075	0
35	1076	0
35	1077	0
35	1078	0
35	1079	0
35	1080	0
35	1081	0
35	1082	0
35	1083	0
35	1084	0
35	1085	0
35	1086	0
35	1087	0
35	1088	0
35	1089	0
35	1090	0
35	1091	0
35	1092	0
36	1214	0
36	1215	0
36	1216	0
36	1217	0
36	1218	0
36	1219	0
36	1220	0
36	1221	0
36	1222	0
36	1223	0
36	1224	0
36	1225	0
36	1226	0
36	1227	0
36	1228	0
36	1229	0
36	1230	0
36	1231	0
36	1232	0
36	1233	0
36	1234	0
36	1235	0
36	1236	0
36	1237	0
36	1238	0
36	1239	0
36	1240	0
36	1241	0
36	1242	0
36	1243	0
36	1244	0
37	1245	0
37	1246	0
37	1247	0
37	1248	0
37	1249	0
37	1250	0
37	1251	0
37	1252	0
37	1253	0
37	1254	0
37	1255	0
37	1256	0
37	1257	0
37	1259	0
37	1260	0
37	1261	0
37	1265	0
37	1266	0
37	1267	0
37	1268	0
37	1269	0
37	1270	0
37	1271	0
37	1272	0
37	1273	0
37	1274	0
37	1275	0
37	1276	0
37	1277	0
37	1278	0
37	1279	0
37	1280	0
37	1281	0
38	1151	0
38	1152	0
38	1153	0
38	1154	0
38	1155	0
38	1156	0
38	1157	0
38	1158	0
38	1159	0
38	1160	0
38	1161	0
38	1162	0
38	1163	0
38	1164	0
38	1165	0
38	1166	0
38	1167	0
38	1168	0
38	1169	0
38	1170	0
38	1172	0
38	1173	0
38	1174	0
38	1175	0
38	1176	0
38	1177	0
38	1178	0
38	1179	0
38	1180	0
38	1181	0
38	1182	0
39	1183	0
39	1184	0
39	1185	0
39	1186	0
39	1187	0
39	1188	0
39	1189	0
39	1190	0
39	1191	0
39	1193	0
39	1194	0
39	1195	0
39	1196	0
39	1197	0
39	1198	0
39	1199	0
39	1200	0
39	1201	0
39	1202	0
39	1203	0
39	1204	0
39	1205	0
39	1206	0
39	1207	0
39	1208	0
39	1209	0
39	1210	0
39	1211	0
39	1212	0
40	1328	0
40	1329	0
40	1330	0
40	1331	0
40	1332	0
40	1333	0
40	1334	0
40	1335	0
40	1336	0
40	1337	0
40	1338	0
40	1339	0
40	1340	0
40	1341	0
40	1342	0
40	1343	0
40	1344	0
40	1345	0
40	1346	0
40	1347	0
40	1348	0
40	1349	0
40	1350	0
40	1351	0
40	1352	0
40	1353	0
40	1354	0
40	1355	0
40	1356	0
40	1357	0
40	1358	0
40	1359	0
40	1360	0
40	1361	0
40	1362	0
41	1363	0
41	1364	0
41	1365	0
41	1366	0
41	1367	0
41	1368	0
41	1369	0
41	1370	0
41	1371	0
41	1372	0
41	1373	0
41	1374	0
41	1375	0
41	1377	0
41	1378	0
41	1379	0
41	1380	0
41	1381	0
41	1382	0
41	1383	0
41	1384	0
41	1385	0
41	1386	0
41	1387	0
41	1388	0
41	1389	0
41	1390	0
41	1391	0
41	1392	0
42	1282	0
42	1283	0
42	1284	0
42	1285	0
42	1286	0
42	1287	0
42	1288	0
42	1289	0
42	1290	0
42	1291	0
42	1292	0
42	1293	0
42	1294	0
42	1295	0
42	1296	0
42	1297	0
42	1298	0
42	1299	0
42	1300	0
42	1301	0
42	1302	0
42	1303	0
42	1304	0
43	1305	0
43	1306	0
43	1307	0
43	1308	0
43	1309	0
43	1310	0
43	1311	0
43	1312	0
43	1313	0
43	1314	0
43	1315	0
43	1316	0
43	1317	0
43	1318	0
43	1319	0
43	1320	0
43	1321	0
43	1322	0
43	1323	0
43	1324	0
43	1325	0
43	1326	0
43	1327	0
44	1453	0
44	1454	0
44	1455	0
44	1456	0
44	1457	0
44	1458	0
44	1459	0
44	1460	0
44	1461	0
44	1462	0
44	1463	0
44	1464	0
44	1465	0
44	1467	0
44	1468	0
44	1469	0
44	1471	0
44	1472	0
44	1473	0
44	1474	0
44	1475	0
44	1476	0
44	1477	0
44	1479	0
44	1480	0
44	1481	0
44	1482	0
44	1483	0
44	1484	0
45	1485	0
45	1486	0
45	1487	0
45	1488	0
45	1489	0
45	1490	0
45	1491	0
45	1492	0
45	1493	0
45	1494	0
45	1495	0
45	1496	0
45	1497	0
45	1498	0
45	1499	0
45	1500	0
45	1501	0
45	1502	0
45	1503	0
45	1504	0
45	1505	0
45	1506	0
45	1507	0
45	1508	0
45	1509	0
45	1510	0
45	1511	0
45	1512	0
45	1513	0
46	1393	0
46	1394	0
46	1395	0
46	1396	0
46	1397	0
46	1398	0
46	1400	0
46	1401	0
46	1402	0
46	1403	0
46	1404	0
46	1405	0
46	1406	0
46	1407	0
46	1408	0
46	1409	0
46	1410	0
46	1411	0
46	1412	0
46	1413	0
46	1415	0
46	1416	0
46	1417	0
46	1418	0
46	1419	0
47	1420	0
47	1421	0
47	1422	0
47	1423	0
47	1424	0
47	1425	0
47	1426	0
47	1427	0
47	1429	0
47	1430	0
47	1431	0
47	1432	0
47	1433	0
47	1435	0
47	1436	0
47	1437	0
47	1438	0
47	1439	0
47	1440	0
47	1441	0
47	1442	0
47	1443	0
47	1444	0
47	1445	0
47	1446	0
47	1447	0
47	1448	0
47	1449	0
47	1450	0
47	1451	0
47	1452	0
48	1614	0
48	1615	0
48	1616	0
48	1617	0
48	1618	0
48	1619	0
48	1620	0
48	1621	0
48	1622	0
48	1623	0
48	1624	0
48	1625	0
48	1626	0
48	1627	0
48	1628	0
48	1629	0
48	1630	0
48	1631	0
48	1632	0
48	1633	0
48	1634	0
48	1635	0
48	1637	0
48	1638	0
48	1639	0
48	1640	0
48	1641	0
48	1642	0
48	1643	0
48	1644	0
48	1645	0
48	1646	0
49	1580	0
49	1581	0
49	1582	0
49	1583	0
49	1584	0
49	1585	0
49	1586	0
49	1587	0
49	1588	0
49	1589	0
49	1590	0
49	1591	0
49	1592	0
49	1593	0
49	1594	0
49	1595	0
49	1596	0
49	1597	0
49	1598	0
49	1599	0
49	1600	0
49	1601	0
49	1602	0
49	1603	0
49	1604	0
49	1605	0
49	1606	0
49	1607	0
49	1608	0
49	1609	0
49	1610	0
49	1612	0
49	1613	0
50	1548	0
50	1549	0
50	1550	0
50	1551	0
50	1552	0
50	1553	0
50	1554	0
50	1555	0
50	1556	0
50	1557	0
50	1558	0
50	1559	0
50	1560	0
50	1561	0
50	1562	0
50	1563	0
50	1564	0
50	1565	0
50	1566	0
50	1567	0
50	1568	0
50	1569	0
50	1570	0
50	1571	0
50	1572	0
50	1573	0
50	1574	0
50	1575	0
50	1576	0
50	1577	0
50	1578	0
50	1579	0
51	1514	0
51	1515	0
51	1516	0
51	1517	0
51	1518	0
51	1519	0
51	1520	0
51	1521	0
51	1522	0
51	1523	0
51	1524	0
51	1525	0
51	1526	0
51	1527	0
51	1528	0
51	1529	0
51	1530	0
51	1531	0
51	1532	0
51	1533	0
51	1534	0
51	1535	0
51	1536	0
51	1537	0
51	1538	0
51	1539	0
51	1540	0
51	1542	0
51	1543	0
51	1544	0
51	1545	0
51	1546	0
51	1547	0
52	1744	0
52	1745	0
52	1746	0
52	1747	0
52	1748	0
52	1749	0
52	1750	0
52	1751	0
52	1752	0
52	1754	0
52	1755	0
52	1756	0
52	1757	0
52	1758	0
52	1759	0
52	1760	0
52	1761	0
52	1762	0
52	1763	0
52	1764	0
52	1766	0
52	1767	0
52	1768	0
52	1769	0
52	1770	0
52	1771	0
52	1772	0
52	1773	0
52	1774	0
52	1775	0
52	1776	0
53	1713	0
53	1714	0
53	1715	0
53	1716	0
53	1717	0
53	1718	0
53	1719	0
53	1720	0
53	1721	0
53	1722	0
53	1723	0
53	1724	0
53	1726	0
53	1727	0
53	1728	0
53	1729	0
53	1730	0
53	1731	0
53	1732	0
53	1733	0
53	1734	0
53	1735	0
53	1736	0
53	1737	0
53	1738	0
53	1739	0
53	1740	0
53	1741	0
53	1742	0
53	1743	0
54	1680	0
54	1681	0
54	1682	0
54	1683	0
54	1685	0
54	1687	0
54	1689	0
54	1690	0
54	1691	0
54	1692	0
54	1693	0
54	1694	0
54	1695	0
54	1696	0
54	1697	0
54	1698	0
54	1700	0
54	1702	0
54	1703	0
54	1704	0
54	1705	0
54	1706	0
54	1707	0
54	1708	0
54	1709	0
54	1710	0
54	1711	0
54	1712	0
55	1647	0
55	1648	0
55	1649	0
55	1650	0
55	1651	0
55	1652	0
55	1653	0
55	1655	0
55	1656	0
55	1657	0
55	1658	0
55	1659	0
55	1660	0
55	1661	0
55	1662	0
55	1663	0
55	1664	0
55	1665	0
55	1666	0
55	1667	0
55	1668	0
55	1669	0
55	1670	0
55	1671	0
55	1672	0
55	1673	0
55	1674	0
55	1675	0
55	1676	0
55	1677	0
55	1678	0
55	1679	0
56	1846	0
56	1847	0
56	1848	0
56	1849	0
56	1850	0
56	1851	0
56	1852	0
56	1853	0
56	1854	0
56	1855	0
56	1856	0
56	1857	0
56	1858	0
56	1859	0
57	1810	0
57	1811	0
57	1812	0
57	1813	0
57	1814	0
57	1815	0
57	1816	0
57	1817	0
57	1818	0
57	1819	0
57	1820	0
57	1821	0
57	1822	0
57	1823	0
57	1824	0
57	1825	0
57	1826	0
57	1827	0
57	1828	0
57	1829	0
57	1830	0
57	1831	0
57	1832	0
57	1833	0
57	1835	0
57	1836	0
57	1837	0
57	1838	0
57	1839	0
57	1840	0
57	1841	0
57	1842	0
57	1843	0
57	1844	0
57	1845	0
59	1777	0
59	1778	0
59	1779	0
59	1780	0
59	1781	0
59	1782	0
59	1783	0
59	1784	0
59	1785	0
59	1786	0
59	1787	0
59	1788	0
59	1789	0
59	1790	0
59	1791	0
59	1792	0
59	1793	0
59	1794	0
59	1795	0
59	1796	0
59	1797	0
59	1798	0
59	1799	0
59	1800	0
59	1801	0
59	1802	0
59	1803	0
59	1804	0
59	1805	0
59	1806	0
60	1904	0
60	1905	0
60	1907	0
60	1908	0
60	1909	0
60	1910	0
60	1911	0
60	1913	0
60	1914	0
60	1915	0
60	1916	0
60	1917	0
60	1918	0
60	1919	0
60	1920	0
60	1921	0
60	1923	0
60	1924	0
60	1926	0
60	1927	0
60	1928	0
60	1929	0
60	1930	0
60	1931	0
60	1932	0
60	1933	0
60	1934	0
60	1936	0
60	1937	0
61	1897	0
61	1898	0
61	1899	0
61	1900	0
61	1901	0
61	1902	0
61	1903	0
62	1860	0
62	1861	0
62	1862	0
62	1863	0
62	1864	0
62	1865	0
62	1866	0
62	1867	0
62	1868	0
62	1869	0
62	1870	0
62	1871	0
62	1872	0
62	1873	0
62	1874	0
62	1875	0
62	1876	0
62	1877	0
62	1878	0
62	1879	0
62	1880	0
62	1881	0
62	1882	0
62	1883	0
62	1884	0
62	1885	0
62	1886	0
62	1887	0
62	1888	0
62	1889	0
62	1890	0
62	1891	0
62	1892	0
62	1893	0
62	1894	0
62	1895	0
64	2022	0
64	2023	0
64	2024	0
64	2025	0
64	2026	0
64	2027	0
64	2028	0
64	2029	0
64	2030	0
64	2031	0
64	2032	0
64	2033	0
64	2034	0
64	2035	0
64	2036	0
64	2037	0
64	2038	0
64	2039	0
64	2040	0
64	2041	0
64	2042	0
64	2043	0
64	2044	0
64	2045	0
65	2046	0
65	2047	0
65	2048	0
65	2049	0
65	2050	0
65	2052	0
65	2053	0
65	2054	0
65	2055	0
65	2056	0
65	2057	0
65	2058	0
65	2059	0
65	2060	0
65	2061	0
65	2062	0
65	2063	0
65	2064	0
65	2065	0
65	2066	0
65	2067	0
65	2068	0
65	2069	0
65	2070	0
65	2071	0
65	2072	0
65	2073	0
65	2074	0
65	2075	0
65	2076	0
65	2077	0
65	2078	0
65	2079	0
65	2080	0
65	2081	0
66	2082	0
66	2083	0
66	2084	0
66	2085	0
66	2086	0
66	2087	0
66	2088	0
66	2089	0
66	2090	0
66	2091	0
66	2092	0
66	2093	0
66	2094	0
66	2095	0
66	2096	0
66	2097	0
66	2098	0
66	2099	0
66	2100	0
66	2101	0
66	2102	0
66	2104	0
66	2105	0
66	2106	0
66	2107	0
66	2108	0
66	2109	0
66	2110	0
66	2111	0
66	2112	0
66	2113	0
66	2115	0
66	2116	0
66	2117	0
66	2118	0
67	2119	0
67	2120	0
67	2121	0
67	2122	0
67	2123	0
67	2124	0
67	2125	0
67	2126	0
67	2127	0
67	2128	0
67	2129	0
67	2130	0
67	2131	0
67	2132	0
67	2133	0
67	2134	0
67	2135	0
67	2136	0
67	2137	0
67	2138	0
67	2139	0
67	2140	0
67	2141	0
67	2142	0
67	2143	0
67	2144	0
67	2145	0
67	2146	0
67	2147	0
67	2148	0
67	2149	0
67	2150	0
68	1938	0
68	1939	0
68	1940	0
68	1941	0
68	1942	0
68	1943	0
68	1944	0
68	1945	0
68	1946	0
68	1947	0
68	1948	0
68	1949	0
68	1950	0
68	1951	0
68	1952	0
68	1953	0
68	1954	0
68	1955	0
68	1956	0
68	1957	0
68	1958	0
68	1959	0
68	1960	0
68	1961	0
68	1962	0
68	1963	0
68	1964	0
69	1967	0
69	1968	0
69	1969	0
69	1970	0
69	1971	0
69	1972	0
69	1973	0
69	1975	0
69	1976	0
69	1977	0
69	1978	0
69	1979	0
69	1980	0
69	1981	0
69	1982	0
69	1983	0
69	1984	0
69	1985	0
69	1986	0
69	1987	0
70	1988	0
70	1989	0
70	1990	0
70	1991	0
70	1992	0
70	1993	0
70	1994	0
70	1995	0
70	1996	0
70	1997	0
70	1998	0
70	1999	0
70	2000	0
70	2001	0
70	2003	0
70	2004	0
70	2005	0
70	2006	0
70	2007	0
70	2008	0
70	2009	0
70	2010	0
70	2011	0
70	2012	0
70	2013	0
70	2014	0
70	2015	0
70	2016	0
70	2017	0
70	2018	0
71	2019	0
71	2020	0
71	2021	0
72	2233	0
72	2234	0
72	2235	0
72	2236	0
72	2237	0
72	2239	0
72	2240	0
72	2241	0
73	2242	0
73	2243	0
73	2244	0
73	2245	0
73	2246	0
73	2247	0
73	2248	0
73	2249	0
73	2251	0
73	2252	0
73	2253	0
73	2254	0
73	2255	0
73	2256	0
73	2257	0
73	2258	0
73	2259	0
73	2260	0
73	2261	0
73	2262	0
73	2265	0
73	2266	0
73	2267	0
73	2268	0
74	2269	0
74	2270	0
74	2271	0
74	2272	0
74	2273	0
74	2274	0
74	2275	0
74	2276	0
74	2277	0
74	2278	0
74	2279	0
74	2280	0
74	2282	0
74	2283	0
74	2285	0
74	2286	0
74	2287	0
74	2289	0
74	2290	0
74	2291	0
74	2292	0
74	2293	0
74	2294	0
74	2295	0
74	2296	0
74	2297	0
74	2298	0
74	2299	0
74	2301	0
74	2302	0
74	2303	0
75	2306	0
75	2307	0
75	2308	0
75	2309	0
75	2310	0
75	2311	0
75	2312	0
75	2313	0
75	2314	0
75	2315	0
75	2316	0
75	2317	0
75	2318	0
75	2319	0
75	2320	0
75	2321	0
75	2322	0
75	2323	0
75	2324	0
75	2325	0
75	2326	0
75	2327	0
75	2328	0
75	2329	0
75	2330	0
75	2331	0
75	2332	0
75	2333	0
75	2334	0
75	2335	0
77	2151	0
77	2152	0
77	2153	0
77	2154	0
77	2155	0
77	2156	0
77	2157	0
77	2158	0
77	2159	0
77	2160	0
77	2161	0
77	2162	0
77	2163	0
77	2164	0
77	2165	0
77	2166	0
77	2167	0
78	2168	0
78	2169	0
78	2170	0
78	2171	0
78	2172	0
78	2173	0
78	2174	0
78	2175	0
78	2176	0
78	2177	0
78	2178	0
78	2179	0
78	2181	0
78	2182	0
78	2183	0
78	2184	0
78	2186	0
78	2187	0
78	2189	0
78	2190	0
78	2191	0
78	2192	0
78	2193	0
78	2194	0
78	2196	0
78	2197	0
78	2198	0
78	2199	0
78	2200	0
78	2201	0
78	2202	0
78	2203	0
79	2204	0
79	2205	0
79	2206	0
79	2207	0
79	2208	0
79	2209	0
79	2210	0
79	2211	0
79	2212	0
79	2213	0
79	2214	0
79	2215	0
79	2216	0
79	2217	0
79	2218	0
79	2219	0
79	2220	0
79	2221	0
79	2222	0
79	2223	0
79	2224	0
79	2225	0
79	2226	0
79	2227	0
79	2228	0
79	2229	0
79	2230	0
79	2231	0
79	2232	0
81	2417	0
81	2418	0
81	2419	0
81	2420	0
81	2421	0
81	2422	0
81	2423	0
81	2424	0
81	2425	0
81	2426	0
81	2427	0
81	2428	0
81	2429	0
81	2430	0
81	2431	0
81	2432	0
81	2434	0
81	2435	0
81	2436	0
82	2468	0
82	2469	0
82	2470	0
82	2471	0
82	2472	0
82	2473	0
82	2474	0
82	2475	0
82	2476	0
82	2477	0
82	2478	0
82	2479	0
82	2480	0
82	2481	0
82	2482	0
82	2483	0
82	2484	0
82	2485	0
82	2486	0
82	2487	0
82	2488	0
82	2489	0
82	2490	0
82	2491	0
82	2492	0
82	2493	0
83	2437	0
83	2438	0
83	2439	0
83	2440	0
83	2441	0
83	2442	0
83	2443	0
83	2444	0
83	2445	0
83	2446	0
83	2447	0
83	2448	0
83	2449	0
83	2450	0
83	2451	0
83	2452	0
83	2453	0
83	2454	0
83	2455	0
83	2456	0
83	2457	0
83	2458	0
83	2459	0
83	2460	0
83	2461	0
83	2462	0
83	2463	0
83	2464	0
83	2465	0
83	2466	0
83	2467	0
84	2336	0
84	2337	0
84	2338	0
84	2339	0
84	2340	0
84	2341	0
84	2342	0
84	2343	0
84	2344	0
84	2345	0
84	2346	0
84	2347	0
84	2348	0
84	2350	0
84	2351	0
84	2352	0
84	2353	0
84	2354	0
84	2356	0
84	2357	0
84	2358	0
84	2359	0
84	2360	0
84	2361	0
84	2362	0
84	2364	0
84	2365	0
84	2366	0
86	2396	0
86	2397	0
86	2398	0
86	2399	0
86	2400	0
86	2401	0
86	2402	0
86	2403	0
86	2404	0
86	2405	0
86	2406	0
86	2407	0
86	2408	0
86	2409	0
86	2411	0
86	2412	0
86	2413	0
86	2415	0
86	2416	0
87	2367	0
87	2368	0
87	2369	0
87	2370	0
87	2371	0
87	2372	0
87	2373	0
87	2374	0
87	2375	0
87	2376	0
87	2377	0
87	2378	0
87	2379	0
87	2380	0
87	2381	0
87	2382	0
87	2383	0
87	2384	0
87	2385	0
87	2386	0
87	2387	0
87	2388	0
87	2389	0
87	2390	0
87	2391	0
87	2393	0
87	2394	0
87	2395	0
88	2655	0
88	2656	0
88	2657	0
88	2658	0
88	2659	0
88	2660	0
88	2662	0
88	2664	0
88	2665	0
88	2667	0
88	2668	0
88	2669	0
88	2670	0
88	2671	0
88	2672	0
88	2673	0
88	2674	0
88	2675	0
88	2676	0
88	2677	0
88	2678	0
88	2679	0
88	2680	0
88	2681	0
89	2621	0
89	2622	0
89	2623	0
89	2624	0
89	2626	0
89	2627	0
89	2628	0
89	2629	0
89	2630	0
89	2631	0
89	2632	0
89	2633	0
89	2635	0
89	2636	0
89	2637	0
89	2639	0
89	2640	0
89	2641	0
89	2643	0
89	2644	0
89	2645	0
89	2646	0
89	2647	0
89	2648	0
89	2649	0
89	2650	0
89	2651	0
89	2652	0
89	2653	0
89	2654	0
90	2713	0
90	2714	0
90	2715	0
90	2716	0
90	2717	0
90	2718	0
90	2719	0
90	2720	0
90	2721	0
90	2722	0
90	2723	0
90	2724	0
90	2725	0
90	2726	0
90	2727	0
90	2728	0
90	2729	0
90	2730	0
90	2731	0
90	2732	0
90	2733	0
90	2734	0
90	2735	0
90	2736	0
90	2737	0
90	2738	0
90	2739	0
90	2740	0
90	2741	0
90	2742	0
90	2743	0
90	2744	0
90	2745	0
90	2746	0
90	2747	0
91	2682	0
91	2683	0
91	2684	0
91	2685	0
91	2686	0
91	2687	0
91	2688	0
91	2689	0
91	2690	0
91	2691	0
91	2692	0
91	2693	0
91	2694	0
91	2695	0
91	2696	0
91	2697	0
91	2698	0
91	2699	0
91	2700	0
91	2701	0
91	2702	0
91	2703	0
91	2704	0
91	2705	0
91	2706	0
91	2707	0
91	2708	0
91	2709	0
91	2710	0
91	2711	0
91	2712	0
92	2525	0
92	2526	0
92	2527	0
92	2528	0
92	2529	0
92	2530	0
92	2531	0
92	2532	0
92	2533	0
92	2534	0
92	2535	0
92	2536	0
92	2538	0
92	2539	0
92	2540	0
92	2541	0
92	2542	0
92	2543	0
92	2544	0
92	2545	0
92	2546	0
92	2547	0
92	2548	0
92	2549	0
92	2550	0
92	2551	0
92	2552	0
92	2553	0
92	2554	0
92	2555	0
92	2556	0
92	2557	0
92	2558	0
93	2494	0
93	2495	0
93	2496	0
93	2497	0
93	2498	0
93	2499	0
93	2500	0
93	2501	0
93	2502	0
93	2503	0
93	2504	0
93	2505	0
93	2506	0
93	2507	0
93	2508	0
93	2509	0
93	2510	0
93	2511	0
93	2512	0
93	2513	0
93	2514	0
93	2515	0
93	2516	0
93	2517	0
93	2518	0
93	2519	0
93	2520	0
93	2521	0
93	2522	0
93	2523	0
93	2524	0
94	2596	0
94	2597	0
94	2598	0
94	2599	0
94	2600	0
94	2601	0
94	2602	0
94	2603	0
94	2604	0
94	2605	0
94	2606	0
94	2607	0
94	2608	0
94	2609	0
94	2610	0
94	2611	0
94	2612	0
94	2613	0
94	2614	0
94	2615	0
94	2616	0
94	2617	0
94	2618	0
94	2619	0
95	2560	0
95	2562	0
95	2563	0
95	2564	0
95	2565	0
95	2566	0
95	2567	0
95	2568	0
95	2569	0
95	2570	0
95	2571	0
95	2572	0
95	2573	0
95	2574	0
95	2575	0
95	2576	0
95	2577	0
95	2579	0
95	2580	0
95	2581	0
95	2583	0
95	2584	0
95	2585	0
95	2586	0
95	2587	0
95	2588	0
95	2589	0
95	2590	0
95	2591	0
95	2592	0
95	2593	0
95	2594	0
95	2595	0
96	2890	0
96	2891	0
96	2892	0
96	2893	0
96	2894	0
96	2895	0
96	2896	0
96	2897	0
96	2899	0
96	2900	0
96	2901	0
96	2902	0
96	2903	0
96	2904	0
96	2905	0
96	2906	0
96	2907	0
96	2908	0
96	2909	0
96	2910	0
96	2911	0
96	2914	0
97	2915	0
97	2916	0
97	2917	0
97	2918	0
97	2919	0
97	2921	0
97	2922	0
97	2923	0
97	2924	0
97	2925	0
97	2926	0
97	2927	0
97	2928	0
97	2929	0
97	2930	0
97	2931	0
97	2932	0
98	2857	0
98	2858	0
98	2859	0
99	2860	0
99	2861	0
99	2862	0
99	2863	0
99	2864	0
99	2865	0
99	2866	0
99	2867	0
99	2868	0
99	2869	0
99	2870	0
99	2871	0
99	2872	0
99	2873	0
99	2874	0
99	2875	0
99	2876	0
99	2877	0
99	2878	0
99	2879	0
99	2880	0
99	2881	0
99	2882	0
99	2883	0
99	2885	0
99	2886	0
99	2888	0
99	2889	0
100	2800	0
100	2801	0
100	2802	0
100	2803	0
100	2804	0
100	2805	0
100	2806	0
100	2807	0
100	2808	0
100	2811	0
100	2812	0
100	2813	0
100	2814	0
100	2815	0
100	2816	0
100	2817	0
100	2818	0
100	2819	0
100	2820	0
100	2821	0
100	2822	0
100	2823	0
100	2824	0
101	2825	0
101	2826	0
101	2827	0
101	2828	0
101	2829	0
101	2830	0
101	2831	0
101	2832	0
101	2833	0
101	2834	0
101	2835	0
101	2836	0
101	2837	0
101	2838	0
101	2839	0
101	2840	0
101	2841	0
101	2842	0
101	2843	0
101	2844	0
101	2845	0
101	2846	0
101	2847	0
101	2848	0
101	2849	0
101	2850	0
101	2851	0
101	2852	0
101	2853	0
101	2854	0
101	2855	0
101	2856	0
102	2748	0
102	2749	0
102	2750	0
102	2751	0
102	2752	0
102	2753	0
102	2754	0
102	2755	0
102	2756	0
102	2760	0
102	2761	0
102	2762	0
102	2763	0
102	2764	0
102	2765	0
102	2767	0
102	2768	0
102	2769	0
102	2770	0
102	2771	0
102	2772	0
102	2773	0
102	2774	0
102	2775	0
102	2776	0
102	2777	0
102	2778	0
102	2779	0
103	2780	0
103	2781	0
103	2782	0
103	2783	0
103	2784	0
103	2785	0
103	2786	0
103	2787	0
103	2788	0
103	2789	0
103	2790	0
103	2791	0
103	2792	0
103	2793	0
103	2794	0
103	2795	0
103	2796	0
103	2797	0
103	2798	0
103	2799	0
104	3110	0
104	3111	0
104	3112	0
104	3113	0
105	3114	0
105	3115	0
105	3116	0
105	3117	0
105	3118	0
105	3119	0
105	3120	0
105	3121	0
105	3122	0
105	3123	0
105	3124	0
105	3125	0
105	3126	0
105	3127	0
105	3128	0
105	3129	0
105	3130	0
105	3131	0
105	3132	0
105	3133	0
105	3134	0
105	3135	0
105	3136	0
105	3137	0
105	3138	0
105	3139	0
105	3140	0
105	3141	0
105	3142	0
105	3143	0
105	3144	0
105	3145	0
105	3146	0
105	3147	0
106	3051	0
106	3052	0
106	3053	0
106	3054	0
106	3055	0
106	3056	0
106	3057	0
106	3058	0
106	3059	0
106	3061	0
106	3062	0
106	3064	0
106	3065	0
106	3066	0
106	3067	0
106	3068	0
106	3069	0
106	3070	0
106	3071	0
106	3072	0
106	3073	0
106	3074	0
106	3075	0
106	3076	0
106	3077	0
107	3078	0
107	3079	0
107	3080	0
107	3081	0
107	3082	0
107	3083	0
107	3084	0
107	3085	0
107	3086	0
107	3087	0
107	3088	0
107	3090	0
107	3091	0
107	3092	0
107	3093	0
107	3094	0
107	3095	0
107	3096	0
107	3097	0
107	3098	0
107	3099	0
107	3100	0
107	3101	0
107	3102	0
107	3103	0
107	3104	0
107	3105	0
107	3107	0
107	3108	0
107	3109	0
108	3002	0
108	3003	0
108	3004	0
108	3005	0
108	3006	0
108	3007	0
108	3008	0
108	3009	0
108	3010	0
108	3011	0
108	3012	0
108	3013	0
108	3014	0
108	3015	0
108	3016	0
109	3017	0
109	3018	0
109	3019	0
109	3020	0
109	3021	0
109	3022	0
109	3023	0
109	3024	0
109	3025	0
109	3026	0
109	3027	0
109	3028	0
109	3029	0
109	3030	0
109	3031	0
109	3032	0
109	3033	0
109	3034	0
109	3035	0
109	3036	0
109	3037	0
109	3038	0
109	3039	0
109	3040	0
109	3041	0
109	3042	0
109	3043	0
109	3044	0
109	3045	0
109	3046	0
109	3047	0
109	3048	0
109	3049	0
109	3050	0
110	2933	0
110	2934	0
110	2935	0
110	2936	0
110	2937	0
110	2938	0
110	2940	0
110	2941	0
110	2942	0
110	2943	0
110	2944	0
110	2945	0
110	2946	0
110	2947	0
110	2948	0
110	2949	0
110	2950	0
110	2951	0
110	2953	0
110	2954	0
110	2955	0
110	2956	0
110	2957	0
110	2958	0
110	2959	0
110	2960	0
110	2961	0
110	2962	0
110	2963	0
111	2964	0
111	2965	0
111	2966	0
111	2967	0
111	2968	0
111	2969	0
111	2970	0
111	2971	0
111	2972	0
111	2973	0
111	2974	0
111	2975	0
111	2977	0
111	2978	0
111	2979	0
111	2980	0
111	2981	0
111	2982	0
111	2983	0
111	2984	0
111	2985	0
111	2986	0
111	2987	0
111	2988	0
111	2989	0
111	2990	0
111	2991	0
111	2992	0
111	2993	0
111	2994	0
111	2995	0
111	2996	0
111	2997	0
111	2998	0
111	3000	0
111	3001	0
112	3345	0
112	3346	0
112	3347	0
112	3348	0
112	3349	0
112	3350	0
112	3351	0
112	3352	0
112	3353	0
112	3354	0
112	3355	0
112	3357	0
112	3358	0
112	3359	0
112	3360	0
112	3361	0
112	3362	0
112	3363	0
112	3364	0
112	3365	0
112	3367	0
112	3368	0
112	3369	0
112	3370	0
112	3371	0
112	3372	0
112	3373	0
112	3374	0
112	3375	0
112	3376	0
112	3377	0
113	3307	0
113	3308	0
113	3309	0
113	3310	0
113	3311	0
113	3312	0
113	3313	0
113	3314	0
113	3316	0
113	3317	0
113	3318	0
113	3319	0
113	3320	0
113	3321	0
113	3322	0
113	3323	0
113	3324	0
113	3325	0
113	3326	0
113	3327	0
113	3328	0
113	3329	0
113	3330	0
113	3331	0
113	3332	0
113	3333	0
113	3334	0
113	3335	0
113	3336	0
113	3337	0
113	3338	0
113	3339	0
113	3340	0
113	3341	0
113	3343	0
114	3296	0
114	3297	0
114	3298	0
114	3299	0
114	3300	0
114	3301	0
114	3302	0
114	3303	0
114	3304	0
114	3305	0
114	3306	0
115	3262	0
115	3263	0
115	3264	0
115	3265	0
115	3266	0
115	3267	0
115	3268	0
115	3269	0
115	3270	0
115	3271	0
115	3272	0
115	3273	0
115	3274	0
115	3275	0
115	3276	0
115	3277	0
115	3278	0
115	3279	0
115	3280	0
115	3281	0
115	3282	0
115	3283	0
115	3284	0
115	3285	0
115	3286	0
115	3287	0
115	3288	0
115	3289	0
115	3290	0
115	3291	0
115	3292	0
115	3293	0
115	3294	0
115	3295	0
116	3226	0
116	3227	0
116	3228	0
116	3229	0
116	3230	0
116	3231	0
116	3232	0
116	3233	0
116	3234	0
116	3235	0
116	3236	0
116	3237	0
116	3238	0
116	3239	0
116	3240	0
116	3241	0
116	3242	0
116	3243	0
116	3244	0
116	3245	0
116	3246	0
116	3247	0
116	3248	0
116	3249	0
116	3250	0
116	3251	0
116	3252	0
116	3253	0
116	3254	0
116	3255	0
116	3256	0
116	3257	0
116	3258	0
116	3259	0
116	3260	0
116	3261	0
117	3194	0
117	3195	0
117	3196	0
117	3197	0
117	3198	0
117	3199	0
117	3201	0
117	3202	0
117	3203	0
117	3204	0
117	3205	0
117	3206	0
117	3207	0
117	3208	0
117	3209	0
117	3210	0
117	3211	0
117	3212	0
117	3213	0
117	3214	0
117	3215	0
117	3216	0
117	3217	0
117	3218	0
117	3219	0
117	3220	0
117	3221	0
117	3222	0
117	3223	0
117	3224	0
117	3225	0
118	3169	0
118	3170	0
118	3171	0
118	3172	0
118	3173	0
118	3174	0
118	3175	0
118	3176	0
118	3177	0
118	3178	0
118	3179	0
118	3180	0
118	3181	0
118	3182	0
118	3183	0
118	3184	0
118	3185	0
118	3186	0
118	3188	0
118	3190	0
118	3191	0
118	3192	0
118	3193	0
119	3148	0
119	3149	0
119	3150	0
119	3151	0
119	3152	0
119	3153	0
119	3154	0
119	3155	0
119	3157	0
119	3158	0
119	3159	0
119	3160	0
119	3161	0
119	3162	0
119	3163	0
119	3164	0
119	3165	0
119	3166	0
119	3167	0
119	3168	0
120	3571	0
120	3572	0
120	3573	0
120	3574	0
120	3575	0
120	3577	0
120	3578	0
120	3579	0
120	3580	0
120	3581	0
120	3582	0
120	3583	0
120	3584	0
120	3585	0
120	3586	0
120	3587	0
120	3588	0
120	3589	0
120	3590	0
120	3591	0
120	3592	0
120	3593	0
120	3594	0
120	3595	0
120	3596	0
120	3597	0
120	3598	0
120	3599	0
120	3600	0
120	3601	0
120	3602	0
120	3603	0
120	3604	0
120	3605	0
120	3606	0
120	3607	0
120	3608	0
121	3551	0
121	3553	0
121	3554	0
121	3555	0
121	3556	0
121	3557	0
121	3558	0
121	3559	0
121	3560	0
121	3561	0
121	3562	0
121	3563	0
121	3564	0
121	3565	0
121	3566	0
121	3567	0
121	3568	0
121	3569	0
121	3570	0
122	3527	0
122	3528	0
122	3529	0
122	3530	0
122	3531	0
122	3532	0
122	3533	0
122	3534	0
122	3535	0
122	3536	0
122	3537	0
122	3538	0
122	3539	0
122	3540	0
122	3541	0
122	3543	0
122	3544	0
122	3545	0
122	3546	0
122	3547	0
122	3548	0
122	3549	0
122	3550	0
123	3488	0
123	3489	0
123	3490	0
123	3491	0
123	3492	0
123	3493	0
123	3494	0
123	3495	0
123	3496	0
123	3497	0
123	3498	0
123	3499	0
123	3500	0
123	3501	0
123	3502	0
123	3503	0
123	3504	0
123	3505	0
123	3506	0
123	3507	0
123	3508	0
123	3509	0
123	3510	0
123	3511	0
123	3512	0
123	3513	0
123	3514	0
123	3515	0
123	3516	0
123	3517	0
123	3518	0
123	3519	0
123	3520	0
123	3521	0
123	3522	0
123	3523	0
123	3524	0
123	3525	0
123	3526	0
124	3464	0
124	3465	0
124	3466	0
124	3467	0
124	3468	0
124	3469	0
124	3470	0
124	3471	0
124	3472	0
124	3473	0
124	3474	0
124	3475	0
124	3476	0
124	3477	0
124	3478	0
124	3479	0
124	3480	0
124	3481	0
124	3482	0
124	3483	0
124	3484	0
124	3485	0
124	3486	0
124	3487	0
125	3431	0
125	3432	0
125	3434	0
125	3435	0
125	3436	0
125	3437	0
125	3438	0
125	3439	0
125	3440	0
125	3441	0
125	3442	0
125	3443	0
125	3444	0
125	3445	0
125	3446	0
125	3447	0
125	3448	0
125	3449	0
125	3450	0
125	3451	0
125	3452	0
125	3453	0
125	3455	0
125	3456	0
125	3457	0
125	3458	0
125	3459	0
125	3460	0
125	3461	0
125	3462	0
125	3463	0
126	3396	0
126	3397	0
126	3398	0
126	3399	0
126	3400	0
126	3401	0
126	3402	0
126	3403	0
126	3404	0
126	3406	0
126	3407	0
126	3408	0
126	3409	0
126	3410	0
126	3411	0
126	3412	0
126	3413	0
126	3414	0
126	3415	0
126	3416	0
126	3417	0
126	3418	0
126	3419	0
126	3420	0
126	3421	0
126	3422	0
126	3423	0
126	3424	0
126	3425	0
126	3426	0
126	3427	0
126	3428	0
126	3429	0
126	3430	0
127	3378	0
127	3379	0
127	3380	0
127	3381	0
127	3382	0
127	3383	0
127	3384	0
127	3385	0
127	3386	0
127	3387	0
127	3388	0
127	3389	0
127	3390	0
127	3391	0
127	3392	0
127	3393	0
127	3394	0
127	3395	0
128	3894	0
128	3895	0
128	3896	0
128	3897	0
128	3898	0
128	3899	0
128	3900	0
128	3901	0
128	3902	0
128	3903	0
128	3904	0
128	3905	0
128	3906	0
128	3907	0
128	3908	0
128	3909	0
128	3910	0
128	3911	0
128	3912	0
128	3913	0
128	3914	0
129	3858	-1
129	3857	1
129	3856	0
129	3859	0
129	3860	0
129	3861	0
129	3862	0
129	3863	0
129	3864	0
129	3866	0
129	3867	0
129	3868	0
129	3869	0
129	3870	0
129	3871	0
129	3872	0
129	3873	0
129	3874	0
129	3875	0
129	3876	0
129	3877	0
129	3878	0
129	3879	0
129	3880	0
129	3881	0
129	3882	0
129	3883	0
129	3884	0
129	3885	0
129	3886	0
129	3887	0
129	3888	0
129	3889	0
129	3890	0
129	3891	0
129	3892	0
129	3893	0
130	3943	-1
130	3948	1
130	3942	0
130	3944	0
130	3945	0
130	3946	0
130	3947	0
130	3949	0
130	3951	0
130	3952	0
130	3953	0
130	3954	0
130	3955	0
130	3956	0
130	3957	0
130	3958	0
130	3959	0
130	3960	0
130	3961	0
130	3962	0
130	3963	0
130	3964	0
130	3965	0
130	3966	0
130	3967	0
130	3968	0
130	3969	0
130	3970	0
131	3915	-1
131	3933	0.5
131	3916	0
131	3918	0
131	3920	0
131	3921	0
131	3922	0
131	3923	0
131	3924	0
131	3925	0
131	3926	0
131	3927	0
131	3928	0
131	3929	0
131	3930	0
131	3932	0
131	3934	0
131	3936	0
131	3937	0
131	3938	0
131	3941	0
132	4003	-1
132	4008	1
132	4004	0
132	4005	0
132	4006	0
132	4007	0
132	4009	0
132	4010	0
132	4011	0
132	4013	0
132	4014	0
132	4015	0
132	4016	0
132	4017	0
132	4018	0
132	4019	0
132	4020	0
132	4021	0
132	4022	0
132	4023	0
132	4024	0
132	4025	0
132	4026	0
132	4028	0
132	4029	0
132	4030	0
132	4031	0
132	4032	0
132	4033	0
132	4034	0
132	4035	0
132	4036	0
133	3975	-1
133	3974	0.6
133	3971	0
133	3972	0
133	3973	0
133	3976	0
133	3977	0
133	3978	0
133	3979	0
133	3980	0
133	3981	0
133	3982	0
133	3983	0
133	3984	0
133	3985	0
133	3986	0
133	3987	0
133	3988	0
133	3989	0
133	3990	0
133	3991	0
133	3992	0
133	3993	0
133	3994	0
133	3995	0
133	3996	0
133	3997	0
133	3998	0
133	3999	0
133	4000	0
133	4001	0
133	4002	0
134	4074	-1
134	4075	0
134	4076	0
134	4077	0
134	4078	0
134	4079	0
134	4080	0
134	4081	0
134	4082	0
134	4083	0
134	4084	0
134	4085	0
134	4086	0
134	4087	0
134	4088	0
134	4090	0
134	4091	0
134	4092	0
134	4093	0
134	4094	0
134	4095	0
134	4096	0
134	4097	0
134	4098	0
134	4099	0
134	4100	0
134	4101	0
134	4102	0
134	4103	0
135	4039	-1
135	4037	0
135	4038	0
135	4040	0
135	4041	0
135	4042	0
135	4043	0
135	4044	0
135	4045	0
135	4046	0
135	4047	0
135	4048	0
135	4049	0
135	4050	0
135	4051	0
135	4052	0
135	4053	0
135	4054	0
135	4055	0
135	4056	0
135	4057	0
135	4058	0
135	4059	0
135	4060	0
135	4061	0
135	4062	0
135	4063	0
135	4064	0
135	4065	0
135	4066	0
135	4067	0
135	4068	0
135	4069	0
135	4070	0
135	4071	0
135	4072	0
135	4073	0
136	3645	-1
136	3644	0
136	3646	0
136	3647	0
136	3648	0
136	3649	0
136	3650	0
136	3651	0
137	3611	-1
137	3610	0
137	3612	0
137	3613	0
137	3614	0
137	3615	0
137	3616	0
137	3617	0
137	3618	0
137	3619	0
137	3620	0
137	3621	0
137	3622	0
137	3623	0
137	3624	0
137	3625	0
137	3626	0
137	3627	0
137	3628	0
137	3629	0
137	3630	0
137	3631	0
137	3632	0
137	3633	0
137	3634	0
137	3635	0
137	3637	0
137	3638	0
137	3639	0
137	3640	0
137	3641	0
137	3642	0
137	3643	0
138	3727	0
138	3728	0
138	3729	0
138	3730	0
138	3731	0
138	3732	0
138	3733	0
138	3734	0
138	3735	0
140	3769	-1
140	3767	0
140	3768	0
140	3770	0
140	3771	0
140	3772	0
140	3773	0
140	3774	0
140	3775	0
140	3776	0
141	3738	-1
141	3736	0
141	3737	0
141	3739	0
141	3740	0
141	3741	0
141	3742	0
141	3743	0
141	3744	0
141	3745	0
141	3746	0
141	3747	0
141	3748	0
141	3749	0
141	3750	0
141	3751	0
141	3753	0
141	3754	0
141	3755	0
141	3756	0
141	3757	0
141	3758	0
141	3759	0
141	3760	0
141	3761	0
141	3762	0
141	3763	0
141	3764	0
141	3765	0
141	3766	0
142	3827	0
142	3828	0
142	3829	0
142	3830	0
142	3831	0
142	3832	0
142	3833	0
142	3834	0
142	3835	0
142	3836	0
142	3837	0
142	3838	0
142	3839	0
142	3841	0
142	3842	0
142	3843	0
142	3844	0
142	3845	0
142	3846	0
142	3847	0
142	3848	0
142	3849	0
142	3850	0
142	3851	0
142	3852	0
142	3853	0
142	3854	0
142	3855	0
144	4342	-1
144	4340	0
144	4341	0
144	4343	0
144	4344	0
144	4345	0
144	4346	0
144	4347	0
144	4348	0
144	4349	0
144	4350	0
144	4351	0
144	4352	0
144	4353	0
144	4354	0
144	4355	0
144	4356	0
144	4357	0
144	4358	0
144	4359	0
144	4360	0
144	4361	0
144	4362	0
144	4363	0
144	4364	0
144	4365	0
144	4366	0
144	4367	0
144	4368	0
144	4369	0
145	4371	-1
145	4370	0
145	4372	0
146	4379	-1
146	4374	1
146	4373	0
146	4375	0
146	4376	0
146	4377	0
146	4378	0
146	4380	0
146	4381	0
146	4382	0
146	4383	0
146	4384	0
146	4385	0
146	4386	0
146	4387	0
146	4388	0
146	4390	0
146	4391	0
146	4392	0
146	4393	0
146	4394	0
146	4395	0
146	4396	0
146	4397	0
146	4398	0
146	4399	0
146	4400	0
146	4402	0
146	4403	0
146	4404	0
146	4405	0
146	4406	0
146	4407	0
147	4412	-1
147	4409	1
147	4410	0
147	4411	0
147	4413	0
147	4414	0
147	4415	0
147	4416	0
147	4417	0
147	4418	0
147	4419	0
147	4420	0
147	4421	0
147	4422	0
147	4423	0
147	4424	0
147	4425	0
147	4427	0
147	4428	0
147	4429	0
147	4430	0
147	4431	0
147	4432	0
147	4433	0
147	4434	0
147	4435	0
147	4436	0
147	4437	0
147	4438	0
147	4440	0
147	4441	0
147	4442	0
147	4443	0
147	4444	0
147	4445	0
147	4446	0
147	4447	0
148	4451	-1
148	4448	1
148	4449	0
148	4450	0
148	4452	0
148	4453	0
148	4454	0
148	4455	0
148	4456	0
148	4457	0
148	4458	0
148	4459	0
148	4460	0
148	4461	0
148	4462	0
148	4463	0
148	4464	0
148	4465	0
148	4466	0
148	4467	0
148	4468	0
148	4469	0
148	4470	0
148	4471	0
148	4472	0
148	4473	0
148	4474	0
148	4475	0
148	4476	0
148	4477	0
148	4478	0
148	4479	0
148	4480	0
148	4481	0
148	4482	0
148	4483	0
149	4492	-1
149	4486	1
149	4484	0
149	4485	0
149	4487	0
149	4488	0
149	4489	0
149	4490	0
149	4491	0
149	4493	0
149	4494	0
149	4495	0
149	4496	0
149	4497	0
149	4498	0
149	4499	0
149	4500	0
149	4501	0
149	4502	0
149	4503	0
149	4504	0
149	4505	0
149	4506	0
149	4507	0
149	4508	0
149	4509	0
149	4510	0
149	4511	0
149	4512	0
149	4513	0
150	4515	-1
150	4517	1
150	4514	0
150	4516	0
150	4519	0
150	4520	0
150	4521	0
150	4522	0
150	4523	0
150	4525	0
150	4526	0
150	4527	0
150	4528	0
150	4529	0
150	4530	0
150	4531	0
150	4532	0
150	4533	0
150	4534	0
150	4535	0
150	4536	0
150	4537	0
150	4538	0
150	4540	0
150	4542	0
150	4543	0
150	4544	0
150	4545	0
150	4546	0
151	4547	-1
151	4548	-1
151	4554	-1
151	4555	-1
151	4556	-1
151	4557	1
151	4559	1
151	4549	0
151	4550	0
151	4551	0
151	4552	0
151	4553	0
151	4558	0
151	4560	0
151	4561	0
151	4562	0
151	4563	0
151	4564	0
151	4565	0
151	4566	0
151	4567	0
151	4568	0
151	4569	0
151	4570	0
151	4571	0
151	4572	0
151	4573	0
151	4574	0
151	4575	0
151	4577	0
151	4578	0
151	4579	0
151	4580	0
151	4581	0
152	4104	0
152	4105	0
152	4106	0
152	4107	0
152	4108	0
152	4109	0
152	4110	0
152	4111	0
152	4112	0
152	4113	0
152	4114	0
152	4115	0
152	4116	0
152	4117	0
152	4118	0
152	4119	0
152	4121	0
152	4122	0
152	4123	0
152	4124	0
152	4125	0
152	4126	0
152	4127	0
152	4128	0
152	4129	0
152	4130	0
153	4139	-1
153	4137	1
153	4131	0
153	4132	0
153	4134	0
153	4135	0
153	4136	0
153	4138	0
153	4140	0
153	4141	0
153	4142	0
153	4143	0
153	4144	0
153	4145	0
153	4146	0
153	4147	0
153	4148	0
153	4149	0
153	4150	0
153	4151	0
153	4152	0
153	4153	0
153	4154	0
153	4155	0
153	4156	0
154	4157	-1
154	4158	0
154	4159	0
154	4160	0
154	4161	0
154	4162	0
154	4163	0
154	4164	0
154	4165	0
154	4166	0
154	4167	0
154	4168	0
154	4169	0
154	4170	0
154	4171	0
154	4172	0
154	4173	0
154	4174	0
154	4175	0
154	4176	0
154	4177	0
154	4178	0
154	4179	0
154	4180	0
154	4181	0
154	4182	0
154	4183	0
154	4184	0
154	4185	0
155	4197	-1
155	4186	0
155	4187	0
155	4188	0
155	4189	0
155	4190	0
155	4191	0
155	4192	0
155	4193	0
155	4194	0
155	4195	0
155	4196	0
155	4198	0
155	4199	0
155	4200	0
155	4201	0
155	4202	0
155	4203	0
155	4204	0
155	4206	0
155	4207	0
155	4208	0
155	4209	0
155	4210	0
155	4211	0
155	4212	0
155	4213	0
155	4214	0
155	4215	0
155	4216	0
155	4217	0
156	4225	-1
156	4218	0
156	4219	0
156	4220	0
156	4221	0
156	4222	0
156	4223	0
156	4224	0
156	4226	0
156	4227	0
156	4228	0
156	4229	0
156	4230	0
156	4231	0
156	4232	0
156	4233	0
156	4234	0
156	4235	0
156	4236	0
156	4237	0
156	4238	0
156	4239	0
156	4240	0
156	4241	0
156	4242	0
156	4243	0
156	4244	0
156	4245	0
156	4246	0
156	4247	0
156	4248	0
157	4249	-1
157	4250	0
157	4251	0
157	4252	0
157	4253	0
157	4254	0
157	4255	0
157	4256	0
157	4257	0
157	4258	0
157	4259	0
157	4260	0
157	4261	0
157	4262	0
157	4263	0
157	4264	0
157	4265	0
157	4266	0
157	4267	0
157	4268	0
157	4269	0
157	4270	0
157	4271	0
157	4272	0
157	4273	0
157	4274	0
157	4275	0
157	4276	0
157	4277	0
157	4278	0
157	4279	0
158	4291	-1
158	4280	1
158	4281	0
158	4282	0
158	4283	0
158	4284	0
158	4285	0
158	4286	0
158	4287	0
158	4288	0
158	4289	0
158	4290	0
158	4292	0
158	4293	0
158	4294	0
158	4295	0
158	4296	0
158	4297	0
158	4298	0
158	4299	0
158	4300	0
158	4301	0
158	4302	0
158	4303	0
158	4304	0
158	4306	0
158	4307	0
158	4308	0
158	4309	0
158	4310	0
159	4316	-1
159	4311	0
159	4312	0
159	4313	0
159	4314	0
159	4315	0
159	4317	0
159	4318	0
159	4319	0
159	4320	0
159	4321	0
159	4322	0
159	4323	0
159	4324	0
159	4325	0
159	4326	0
159	4327	0
159	4328	0
159	4329	0
159	4330	0
159	4331	0
159	4332	0
159	4333	0
159	4334	0
159	4335	0
159	4336	0
159	4337	0
159	4338	0
159	4339	0
160	4916	-1
160	4912	0
160	4913	0
160	4914	0
160	4917	0
160	4918	0
160	4919	0
160	4920	0
160	4921	0
160	4922	0
160	4923	0
160	4925	0
160	4926	0
160	4927	0
160	4928	0
160	4929	0
160	4930	0
160	4931	0
160	4932	0
160	4933	0
160	4934	0
160	4935	0
160	4936	0
160	4937	0
160	4938	0
160	4939	0
160	4940	0
160	4941	0
160	4942	0
160	4943	0
160	4944	0
160	4945	0
161	4899	-1
161	4903	-1
161	4881	0
161	4883	0
161	4884	0
161	4885	0
161	4886	0
161	4887	0
161	4888	0
161	4889	0
161	4890	0
161	4891	0
161	4892	0
161	4893	0
161	4894	0
161	4895	0
161	4896	0
161	4897	0
161	4898	0
161	4900	0
161	4901	0
161	4902	0
161	4904	0
161	4905	0
161	4906	0
161	4907	0
161	4908	0
161	4909	0
161	4910	0
161	4911	0
162	4850	-1
162	4857	-1
162	4851	0
162	4852	0
162	4853	0
162	4855	0
162	4856	0
162	4858	0
162	4859	0
162	4860	0
162	4861	0
162	4862	0
162	4863	0
162	4864	0
162	4865	0
162	4866	0
162	4867	0
162	4868	0
162	4869	0
162	4870	0
162	4871	0
162	4872	0
162	4873	0
162	4874	0
162	4875	0
162	4876	0
162	4877	0
162	4878	0
162	4879	0
162	4880	0
163	4815	-1
163	4816	-1
163	4817	-1
163	4818	0.75
163	4821	1
163	4819	0
163	4820	0
163	4822	0
163	4823	0
163	4824	0
163	4825	0
163	4826	0
163	4827	0
163	4828	0
163	4829	0
163	4830	0
163	4831	0
163	4832	0
163	4833	0
163	4834	0
163	4835	0
163	4837	0
163	4838	0
163	4839	0
163	4840	0
163	4841	0
163	4842	0
163	4843	0
163	4844	0
163	4845	0
163	4846	0
163	4847	0
163	4848	0
163	4849	0
164	5038	-1
164	5039	0
164	5040	0
164	5041	0
164	5042	0
164	5043	0
164	5045	0
164	5047	0
164	5048	0
164	5049	0
164	5050	0
164	5051	0
164	5052	0
164	5053	0
164	5054	0
164	5055	0
164	5056	0
164	5057	0
164	5058	0
164	5059	0
164	5060	0
164	5061	0
164	5062	0
164	5063	0
164	5064	0
164	5065	0
164	5066	0
164	5067	0
165	5007	-1
165	5009	-1
165	5011	-1
165	5029	-1
165	5008	1
165	5010	0
165	5012	0
165	5013	0
165	5014	0
165	5015	0
165	5016	0
165	5017	0
165	5018	0
165	5019	0
165	5020	0
165	5021	0
165	5022	0
165	5023	0
165	5024	0
165	5025	0
165	5026	0
165	5027	0
165	5028	0
165	5030	0
165	5031	0
165	5032	0
165	5033	0
165	5034	0
165	5035	0
165	5036	0
166	4973	-1
166	4974	-1
166	4977	1
166	4980	1
166	4975	0
166	4976	0
166	4978	0
166	4979	0
166	4981	0
166	4982	0
166	4983	0
166	4984	0
166	4985	0
166	4986	0
166	4987	0
166	4988	0
166	4989	0
166	4990	0
166	4991	0
166	4992	0
166	4993	0
166	4994	0
166	4995	0
166	4996	0
166	4997	0
166	4998	0
166	4999	0
166	5000	0
166	5001	0
166	5002	0
166	5003	0
166	5004	0
166	5005	0
166	5006	0
167	4946	-1
167	4947	0
167	4948	0
167	4949	0
167	4950	0
167	4951	0
167	4952	0
167	4953	0
167	4954	0
167	4955	0
167	4956	0
167	4957	0
167	4958	0
167	4959	0
167	4960	0
167	4961	0
167	4962	0
167	4963	0
167	4964	0
167	4965	0
167	4966	0
167	4967	0
167	4968	0
167	4969	0
167	4970	0
167	4971	0
167	4972	0
168	4670	-1
168	4671	-1
168	4672	-1
168	4673	-1
168	4676	1
168	4680	1
168	4675	0
168	4677	0
168	4678	0
168	4679	0
168	4681	0
168	4682	0
168	4683	0
168	4684	0
168	4685	0
168	4686	0
168	4687	0
168	4688	0
168	4689	0
168	4690	0
168	4691	0
168	4692	0
168	4693	0
168	4695	0
168	4696	0
168	4697	0
168	4698	0
168	4699	0
169	4641	-1
169	4642	1
169	4644	0
169	4645	0
169	4646	0
169	4647	0
169	4648	0
169	4649	0
169	4650	0
169	4651	0
169	4652	0
169	4653	0
169	4654	0
169	4655	0
169	4656	0
169	4657	0
169	4658	0
169	4660	0
169	4661	0
169	4662	0
169	4663	0
169	4664	0
169	4665	0
169	4667	0
169	4668	0
169	4669	0
170	4625	-1
170	4609	1
170	4610	1
170	4611	0
170	4612	0
170	4613	0
170	4614	0
170	4615	0
170	4616	0
170	4617	0
170	4618	0
170	4619	0
170	4620	0
170	4621	0
170	4622	0
170	4623	0
170	4624	0
170	4626	0
170	4627	0
170	4628	0
170	4629	0
170	4630	0
170	4631	0
170	4632	0
170	4633	0
170	4634	0
170	4635	0
170	4636	0
170	4637	0
170	4638	0
170	4639	0
170	4640	0
171	4583	-1
171	4582	1
171	4584	1
171	4585	0
171	4586	0
171	4587	0
171	4588	0
171	4589	0
171	4590	0
171	4591	0
171	4592	0
171	4593	0
171	4594	0
171	4595	0
171	4596	0
171	4597	0
171	4598	0
171	4599	0
171	4600	0
171	4601	0
171	4602	0
171	4603	0
171	4604	0
171	4605	0
171	4606	0
171	4607	0
171	4608	0
172	4788	-1
172	4787	1
172	4789	0
172	4790	0
172	4791	0
172	4792	0
172	4793	0
172	4794	0
172	4795	0
172	4796	0
172	4797	0
172	4798	0
172	4799	0
172	4800	0
172	4801	0
172	4802	0
172	4803	0
172	4804	0
172	4805	0
172	4806	0
172	4807	0
172	4808	0
172	4809	0
172	4810	0
172	4811	0
172	4812	0
172	4814	0
173	4758	-1
173	4757	1
173	4761	1
173	4759	0
173	4760	0
173	4762	0
173	4763	0
173	4764	0
173	4765	0
173	4766	0
173	4767	0
173	4768	0
173	4769	0
173	4770	0
173	4771	0
173	4772	0
173	4773	0
173	4774	0
173	4775	0
173	4776	0
173	4777	0
173	4778	0
173	4779	0
173	4780	0
173	4781	0
173	4782	0
173	4783	0
173	4784	0
173	4785	0
173	4786	0
174	4736	-1
174	4728	1
174	4729	1
174	4730	0
174	4731	0
174	4732	0
174	4733	0
174	4734	0
174	4735	0
174	4737	0
174	4738	0
174	4739	0
174	4740	0
174	4741	0
174	4742	0
174	4743	0
174	4744	0
174	4745	0
174	4746	0
174	4747	0
174	4748	0
174	4749	0
174	4750	0
174	4751	0
174	4752	0
174	4753	0
174	4754	0
174	4756	0
175	4703	-1
175	4704	1
175	4700	0
175	4701	0
175	4702	0
175	4705	0
175	4706	0
175	4707	0
175	4708	0
175	4709	0
175	4710	0
175	4711	0
175	4712	0
175	4713	0
175	4714	0
175	4715	0
175	4716	0
175	4717	0
175	4718	0
175	4719	0
175	4720	0
175	4721	0
175	4722	0
175	4724	0
175	4725	0
175	4726	0
175	4727	0
176	5378	-1
176	5377	1
176	5381	1
176	5379	0
176	5380	0
176	5382	0
176	5383	0
176	5384	0
176	5385	0
176	5386	0
176	5387	0
176	5388	0
176	5389	0
176	5390	0
176	5391	0
176	5392	0
176	5393	0
176	5394	0
176	5396	0
176	5397	0
176	5398	0
176	5399	0
176	5401	0
176	5402	0
176	5403	0
176	5404	0
176	5405	0
176	5406	0
177	5414	-1
177	5412	1
177	5420	1
177	5407	0
177	5408	0
177	5409	0
177	5410	0
177	5411	0
177	5413	0
177	5415	0
177	5416	0
177	5417	0
177	5418	0
177	5419	0
177	5421	0
177	5422	0
177	5423	0
177	5425	0
177	5426	0
177	5427	0
177	5428	0
177	5429	0
177	5430	0
177	5431	0
177	5432	0
177	5433	0
177	5434	0
177	5435	0
177	5436	0
177	5437	0
178	5315	-1
178	5314	0.6
178	5313	1
178	5316	0
178	5318	0
178	5319	0
178	5320	0
178	5321	0
178	5322	0
178	5323	0
178	5324	0
178	5325	0
178	5326	0
178	5327	0
178	5328	0
178	5330	0
178	5331	0
178	5332	0
178	5333	0
178	5334	0
178	5335	0
178	5336	0
178	5337	0
178	5338	0
178	5339	0
178	5340	0
178	5341	0
178	5342	0
178	5343	0
179	5344	-1
179	5345	-1
179	5346	-1
179	5363	1
179	5347	0
179	5348	0
179	5349	0
179	5350	0
179	5351	0
179	5352	0
179	5354	0
179	5355	0
179	5356	0
179	5357	0
179	5358	0
179	5359	0
179	5360	0
179	5361	0
179	5362	0
179	5364	0
179	5365	0
179	5366	0
179	5367	0
179	5368	0
179	5369	0
179	5370	0
179	5371	0
179	5372	0
179	5373	0
179	5374	0
179	5375	0
179	5376	0
180	5500	-1
180	5516	-1
180	5505	0.66
180	5524	0.66
180	5501	0
180	5502	0
180	5503	0
180	5504	0
180	5506	0
180	5507	0
180	5508	0
180	5509	0
180	5510	0
180	5512	0
180	5513	0
180	5514	0
180	5515	0
180	5517	0
180	5518	0
180	5519	0
180	5520	0
180	5521	0
180	5522	0
180	5523	0
180	5525	0
180	5526	0
180	5527	0
180	5529	0
180	5530	0
180	5531	0
181	5534	-1
181	5539	-1
181	5549	1
181	5532	0
181	5533	0
181	5536	0
181	5537	0
181	5538	0
181	5540	0
181	5541	0
181	5542	0
181	5543	0
181	5544	0
181	5545	0
181	5546	0
181	5547	0
181	5548	0
181	5550	0
181	5551	0
181	5552	0
181	5553	0
181	5554	0
181	5555	0
181	5556	0
181	5557	0
181	5558	0
181	5559	0
181	5560	0
181	5561	0
181	5562	0
181	5563	0
182	5443	-1
182	5457	-1
182	5460	-1
182	5438	0
182	5439	0
182	5442	0
182	5444	0
182	5445	0
182	5446	0
182	5447	0
182	5448	0
182	5449	0
182	5451	0
182	5452	0
182	5453	0
182	5454	0
182	5455	0
182	5456	0
182	5458	0
182	5459	0
182	5461	0
182	5462	0
182	5463	0
182	5464	0
182	5465	0
182	5466	0
182	5467	0
182	5468	0
182	5469	0
183	5471	-1
183	5470	0
183	5472	0
183	5473	0
183	5474	0
183	5475	0
183	5476	0
183	5477	0
183	5479	0
183	5480	0
183	5481	0
183	5482	0
183	5483	0
183	5484	0
183	5485	0
183	5486	0
183	5487	0
183	5488	0
183	5490	0
183	5491	0
183	5492	0
183	5493	0
183	5494	0
183	5495	0
183	5496	0
183	5497	0
183	5498	0
184	5131	-1
184	5145	-1
184	5132	0
184	5133	0
184	5134	0
184	5135	0
184	5136	0
184	5137	0
184	5138	0
184	5139	0
184	5141	0
184	5142	0
184	5143	0
184	5144	0
184	5146	0
184	5147	0
184	5148	0
184	5149	0
184	5150	0
184	5151	0
184	5152	0
184	5153	0
184	5154	0
184	5155	0
184	5156	0
184	5157	0
184	5158	0
184	5159	0
184	5160	0
184	5161	0
185	5163	-1
185	5167	-1
185	5179	0.6
185	5162	0
185	5164	0
185	5165	0
185	5166	0
185	5168	0
185	5169	0
185	5170	0
185	5171	0
185	5172	0
185	5173	0
185	5174	0
185	5175	0
185	5176	0
185	5177	0
185	5180	0
185	5181	0
185	5182	0
185	5183	0
185	5184	0
185	5185	0
185	5186	0
185	5187	0
185	5188	0
185	5189	0
185	5190	0
185	5191	0
185	5192	0
186	5069	-1
186	5068	1
186	5072	1
186	5070	0
186	5071	0
186	5073	0
186	5074	0
186	5075	0
186	5076	0
186	5077	0
186	5078	0
186	5079	0
186	5080	0
186	5081	0
186	5082	0
186	5083	0
186	5084	0
186	5085	0
186	5086	0
186	5087	0
186	5088	0
186	5089	0
186	5090	0
186	5091	0
186	5092	0
186	5093	0
186	5094	0
186	5095	0
186	5096	0
186	5097	0
186	5099	0
186	5100	0
187	5102	-1
187	5103	-1
187	5101	1
187	5104	0
187	5105	0
187	5106	0
187	5107	0
187	5108	0
187	5109	0
187	5110	0
187	5111	0
187	5112	0
187	5113	0
187	5114	0
187	5115	0
187	5116	0
187	5117	0
187	5118	0
187	5119	0
187	5120	0
187	5121	0
187	5122	0
187	5123	0
187	5124	0
187	5125	0
187	5126	0
187	5127	0
187	5128	0
187	5129	0
187	5130	0
188	5249	-1
188	5258	-1
188	5250	0
188	5251	0
188	5252	0
188	5253	0
188	5255	0
188	5256	0
188	5257	0
188	5259	0
188	5260	0
188	5261	0
188	5262	0
188	5263	0
188	5264	0
188	5265	0
188	5266	0
188	5267	0
188	5268	0
188	5269	0
188	5270	0
188	5271	0
188	5272	0
188	5273	0
188	5274	0
188	5275	0
188	5276	0
188	5278	0
188	5279	0
188	5280	0
188	5281	0
188	5282	0
188	5283	0
188	5284	0
189	5285	-1
189	5286	-1
189	5289	-1
189	5296	-1
189	5304	-1
189	5305	-1
189	5311	0.5
189	5287	0
189	5288	0
189	5290	0
189	5291	0
189	5292	0
189	5293	0
189	5294	0
189	5295	0
189	5297	0
189	5298	0
189	5299	0
189	5300	0
189	5301	0
189	5302	0
189	5303	0
189	5306	0
189	5307	0
189	5309	0
189	5310	0
189	5312	0
190	5193	0
190	5194	0
190	5195	0
190	5196	0
190	5197	0
190	5198	0
190	5199	0
190	5200	0
190	5201	0
190	5202	0
190	5203	0
190	5205	0
190	5206	0
190	5207	0
190	5208	0
190	5209	0
190	5210	0
190	5211	0
190	5212	0
190	5213	0
190	5214	0
190	5215	0
190	5216	0
190	5217	0
190	5218	0
190	5219	0
190	5220	0
190	5221	0
190	5222	0
191	5224	-1
191	5223	0
191	5226	0
191	5227	0
191	5228	0
191	5229	0
191	5230	0
191	5231	0
191	5232	0
191	5233	0
191	5234	0
191	5235	0
191	5236	0
191	5237	0
191	5238	0
191	5239	0
191	5240	0
191	5241	0
191	5242	0
191	5243	0
191	5244	0
191	5245	0
191	5246	0
191	5247	0
191	5248	0
192	5919	-1
192	5920	0
192	5921	0
192	5923	0
192	5924	0
192	5925	0
192	5926	0
192	5927	0
192	5928	0
192	5929	0
192	5930	0
192	5931	0
192	5932	0
192	5933	0
192	5934	0
192	5935	0
192	5936	0
192	5937	0
192	5938	0
192	5939	0
192	5940	0
192	5941	0
192	5942	0
192	5943	0
193	5893	-1
193	5890	0
193	5891	0
193	5892	0
193	5894	0
193	5895	0
193	5896	0
193	5897	0
193	5898	0
193	5899	0
193	5900	0
193	5901	0
193	5902	0
193	5903	0
193	5904	0
193	5905	0
193	5906	0
193	5907	0
193	5908	0
193	5909	0
193	5910	0
193	5911	0
193	5912	0
193	5913	0
193	5914	0
193	5915	0
193	5916	0
193	5917	0
193	5918	0
194	5976	-1
194	5977	-1
194	5981	-1
194	5982	0.3
194	5978	0
194	5979	0
194	5980	0
194	5983	0
194	5984	0
194	5985	0
194	5986	0
194	5987	0
194	5988	0
194	5989	0
194	5990	0
194	5991	0
194	5992	0
194	5993	0
194	5994	0
194	5995	0
194	5996	0
194	5997	0
194	5998	0
194	5999	0
194	6000	0
194	6001	0
194	6002	0
194	6003	0
194	6004	0
194	6005	0
194	6006	0
194	6007	0
194	6008	0
195	5944	-1
195	5945	0
195	5946	0
195	5947	0
195	5948	0
195	5949	0
195	5950	0
195	5951	0
195	5952	0
195	5953	0
195	5954	0
195	5955	0
195	5956	0
195	5957	0
195	5958	0
195	5959	0
195	5960	0
195	5961	0
195	5962	0
195	5963	0
195	5964	0
195	5965	0
195	5966	0
195	5967	0
195	5968	0
195	5969	0
195	5970	0
195	5971	0
195	5972	0
195	5973	0
195	5974	0
195	5975	0
196	5810	-1
196	5802	0
196	5803	0
196	5804	0
196	5805	0
196	5806	0
196	5807	0
196	5809	0
196	5811	0
196	5812	0
196	5813	0
196	5814	0
196	5815	0
196	5816	0
196	5817	0
196	5818	0
196	5820	0
196	5821	0
196	5822	0
196	5823	0
196	5824	0
196	5825	0
196	5826	0
196	5827	0
196	5828	0
196	5830	0
196	5831	0
196	5832	0
197	5777	-1
197	5773	0.5
197	5774	0.5
197	5775	0.5
197	5771	0
197	5772	0
197	5776	0
197	5778	0
197	5779	0
197	5780	0
197	5781	0
197	5782	0
197	5783	0
197	5784	0
197	5785	0
197	5786	0
197	5787	0
197	5788	0
197	5789	0
197	5790	0
197	5791	0
197	5792	0
197	5793	0
197	5794	0
197	5795	0
197	5796	0
197	5797	0
197	5798	0
197	5799	0
197	5800	0
197	5801	0
198	5866	-1
198	5867	-1
198	5876	-1
198	5888	-1
198	5868	0
198	5869	0
198	5870	0
198	5871	0
198	5872	0
198	5873	0
198	5874	0
198	5875	0
198	5877	0
198	5878	0
198	5879	0
198	5880	0
198	5881	0
198	5882	0
198	5883	0
198	5884	0
198	5885	0
198	5886	0
198	5887	0
198	5889	0
199	5833	-1
199	5834	0
199	5835	0
199	5837	0
199	5838	0
199	5839	0
199	5840	0
199	5842	0
199	5843	0
199	5844	0
199	5845	0
199	5846	0
199	5847	0
199	5848	0
199	5849	0
199	5850	0
199	5851	0
199	5852	0
199	5853	0
199	5854	0
199	5855	0
199	5856	0
199	5857	0
199	5858	0
199	5859	0
199	5860	0
199	5861	0
199	5862	0
199	5863	0
199	5864	0
199	5865	0
200	5705	-1
200	5706	0
200	5707	0
200	5708	0
200	5709	0
200	5710	0
200	5711	0
200	5712	0
200	5713	0
200	5714	0
200	5715	0
200	5716	0
200	5717	0
200	5718	0
200	5719	0
200	5720	0
200	5721	0
200	5722	0
201	5674	-1
201	5675	0
201	5676	0
201	5677	0
201	5678	0
201	5679	0
201	5680	0
201	5681	0
201	5682	0
201	5683	0
201	5684	0
201	5685	0
201	5686	0
201	5687	0
201	5690	0
201	5691	0
201	5692	0
201	5693	0
201	5694	0
201	5695	0
201	5696	0
201	5697	0
201	5698	0
201	5699	0
201	5700	0
201	5701	0
201	5702	0
201	5703	0
202	5757	-1
202	5758	-1
202	5761	-1
202	5762	-1
202	5759	0
202	5760	0
202	5763	0
202	5764	0
202	5765	0
202	5766	0
202	5767	0
202	5768	0
202	5769	0
202	5770	0
203	5723	-1
203	5724	0
203	5725	0
203	5726	0
203	5727	0
203	5728	0
203	5729	0
203	5730	0
203	5731	0
203	5732	0
203	5733	0
203	5734	0
203	5735	0
203	5736	0
203	5737	0
203	5738	0
203	5739	0
203	5740	0
203	5742	0
203	5743	0
203	5744	0
203	5745	0
203	5746	0
203	5747	0
203	5748	0
203	5749	0
203	5750	0
203	5751	0
203	5752	0
203	5753	0
203	5754	0
203	5755	0
203	5756	0
204	5594	-1
204	5592	0.5
204	5593	0
204	5595	0
204	5596	0
204	5597	0
204	5598	0
204	5599	0
204	5600	0
204	5601	0
204	5602	0
204	5603	0
204	5604	0
204	5605	0
204	5606	0
204	5607	0
204	5608	0
204	5609	0
204	5610	0
204	5611	0
204	5612	0
204	5613	0
204	5614	0
204	5616	0
204	5617	0
204	5618	0
204	5619	0
205	5564	-1
205	5565	-1
205	5566	-1
205	5573	1
205	5567	0
205	5568	0
205	5569	0
205	5570	0
205	5571	0
205	5572	0
205	5574	0
205	5575	0
205	5576	0
205	5577	0
205	5578	0
205	5579	0
205	5580	0
205	5581	0
205	5582	0
205	5583	0
205	5584	0
205	5585	0
205	5586	0
205	5587	0
205	5588	0
205	5589	0
205	5590	0
205	5591	0
206	5649	-1
206	5650	0
206	5651	0
206	5652	0
206	5653	0
206	5654	0
206	5655	0
206	5656	0
206	5657	0
206	5658	0
206	5659	0
206	5660	0
206	5661	0
206	5662	0
206	5663	0
206	5664	0
206	5665	0
206	5666	0
206	5667	0
206	5668	0
206	5669	0
206	5670	0
206	5671	0
206	5672	0
206	5673	0
207	5620	-1
207	5622	-1
207	5626	-1
207	5627	-1
207	5621	0
207	5623	0
207	5624	0
207	5625	0
207	5628	0
207	5629	0
207	5630	0
207	5631	0
207	5632	0
207	5633	0
207	5634	0
207	5635	0
207	5636	0
207	5637	0
207	5638	0
207	5639	0
207	5640	0
207	5641	0
207	5642	0
207	5643	0
207	5644	0
207	5645	0
207	5646	0
207	5647	0
207	5648	0
208	6329	-1
209	6331	-1
209	6332	-1
209	6339	-1
209	6356	-1
209	6333	0
209	6334	0
209	6336	0
209	6337	0
209	6338	0
209	6340	0
209	6342	0
209	6343	0
209	6344	0
209	6346	0
209	6347	0
209	6348	0
209	6351	0
209	6352	0
209	6353	0
209	6354	0
209	6355	0
209	6357	0
210	6360	-1
210	6361	-1
210	6365	-1
210	6367	-1
210	6377	1
210	6378	1
210	6362	0
210	6363	0
210	6366	0
210	6368	0
210	6369	0
210	6370	0
210	6371	0
210	6372	0
210	6373	0
210	6374	0
210	6376	0
210	6379	0
210	6380	0
210	6381	0
210	6382	0
210	6383	0
210	6384	0
210	6385	0
210	6386	0
211	6387	-1
211	6388	-1
211	6389	0
211	6390	0
211	6391	0
211	6392	0
211	6393	0
211	6394	0
211	6395	0
211	6396	0
211	6397	0
211	6398	0
211	6399	0
211	6400	0
211	6401	0
211	6402	0
211	6404	0
211	6405	0
211	6407	0
211	6408	0
211	6409	0
211	6410	0
211	6411	0
211	6412	0
211	6413	0
211	6414	0
211	6415	0
211	6416	0
211	6417	0
211	6418	0
211	6419	0
212	6210	-1
212	6211	-1
212	6225	-1
212	6233	-1
212	6212	0
212	6213	0
212	6214	0
212	6215	0
212	6216	0
212	6217	0
212	6218	0
212	6219	0
212	6220	0
212	6221	0
212	6222	0
212	6223	0
212	6224	0
212	6226	0
212	6227	0
212	6228	0
212	6229	0
212	6230	0
212	6231	0
212	6232	0
212	6234	0
212	6235	0
212	6236	0
212	6237	0
212	6238	0
212	6239	0
213	6240	-1
213	6241	-1
213	6245	-1
213	6251	-1
213	6242	0
213	6243	0
213	6244	0
213	6246	0
213	6247	0
213	6248	0
213	6249	0
213	6250	0
213	6252	0
213	6253	0
213	6254	0
213	6255	0
213	6256	1
213	6257	0
213	6258	0
213	6259	0
213	6260	0
213	6261	0
213	6262	0
213	6263	0
213	6264	0
213	6265	0
213	6266	0
214	6299	-1
214	6268	1
214	6269	1
214	6270	0
214	6271	0
214	6272	0
214	6273	0
214	6274	0
214	6275	0
214	6277	0
214	6278	0
214	6279	0
214	6281	0
214	6282	0
214	6283	0
214	6285	0
214	6286	0
214	6287	0
214	6288	0
214	6289	0
214	6290	0
214	6291	0
214	6292	0
214	6293	0
214	6294	0
214	6295	0
214	6296	0
214	6297	0
214	6298	0
215	6300	-1
215	6301	-1
215	6308	-1
215	6318	-1
215	6302	0
215	6303	0.6
215	6304	0
215	6305	0
215	6306	0
215	6307	0
215	6309	0
215	6310	0
215	6311	0
215	6312	0
215	6313	0
215	6314	0
215	6315	0
215	6316	0
215	6317	0
215	6319	0
215	6320	0
215	6321	0
215	6322	0
215	6323	0
215	6324	0
215	6325	0
215	6326	0
215	6327	0
215	6328	0
216	6080	-1
216	6081	-1
216	6086	-1
216	6100	-1
216	6105	-1
216	6082	0
216	6083	0
216	6084	0
216	6085	0
216	6087	0
216	6088	0
216	6089	0
216	6090	0
216	6092	0
216	6093	0
216	6094	0
216	6095	0
216	6096	0
216	6097	0
216	6098	0
216	6099	0
216	6101	0
216	6102	0
216	6103	0
216	6104	0
216	6106	0
216	6107	0
216	6108	0
216	6109	0
217	6111	-1
217	6112	-1
217	6116	-1
217	6118	-1
217	6128	0.6
217	6113	0
217	6114	0
217	6115	0
217	6117	0
217	6119	0
217	6120	0
217	6121	0
217	6122	0
217	6123	0
217	6124	0
217	6125	0
217	6126	0
217	6127	0
217	6129	0
217	6130	0
217	6131	0
217	6132	0
217	6133	0
217	6134	0
217	6135	0
217	6136	0
217	6137	0
217	6138	0
217	6139	0
217	6140	0
217	6141	0
217	6142	0
218	6143	-1
218	6145	-1
218	6147	-1
218	6148	-1
218	6152	-1
218	6154	0
218	6144	0
218	6146	0
218	6149	0
218	6150	0
218	6151	0
218	6153	0
218	6155	0
218	6156	0
218	6157	0
218	6158	0
218	6159	0
218	6160	0
218	6161	0
218	6162	0
218	6163	0
218	6164	0
218	6165	0
218	6166	0
218	6167	0
218	6168	0
218	6169	0
218	6170	0
218	6171	0
218	6172	0
218	6173	0
218	6174	0
218	6175	0
218	6176	0
218	6177	0
218	6178	0
218	6179	0
218	6180	0
218	6181	0
218	6182	0
219	6183	-1
219	6188	-1
219	6193	-1
219	6200	-1
219	6205	-1
219	6208	-1
219	6184	0
219	6185	0
219	6186	0
219	6187	0
219	6189	0
219	6190	0
219	6191	0
219	6192	0
219	6194	0
219	6195	0
219	6196	0
219	6197	0
219	6198	0
219	6199	0
219	6201	0
219	6202	0
219	6203	0
219	6204	0
219	6206	0
219	6207	0
219	6209	0
220	6011	-1
220	6010	0
220	6012	1
220	6009	0
220	6013	0
220	6014	0
220	6015	0
220	6016	0
220	6017	0
220	6018	0
220	6019	0
220	6020	0
220	6021	0
220	6023	0
220	6024	0
220	6025	0
220	6026	0
220	6027	0
220	6028	0
220	6029	0
220	6030	0
220	6033	0
220	6034	0
220	6035	0
220	6036	0
220	6037	0
220	6038	0
220	6039	0
221	6041	-1
221	6042	1
221	6053	1
221	6040	0
221	6043	0
221	6044	0
221	6045	0
221	6046	0
221	6047	0
221	6048	0
221	6049	0
221	6050	0
221	6051	0
221	6052	0
221	6054	0
221	6055	0
221	6056	0
221	6057	0
221	6059	0
221	6060	0
221	6061	0
221	6062	0
221	6063	0
221	6064	0
221	6065	0
221	6066	0
221	6067	0
221	6068	0
221	6069	0
221	6071	0
221	6072	0
222	6073	-1
222	6074	-1
223	6075	-1
223	6076	-1
223	6077	0
223	6078	0
224	6875	-1
224	6876	0
224	6877	0
224	6878	0
224	6879	0
224	6880	0
224	6881	0
224	6882	0
224	6883	0
224	6884	0
224	6885	0
224	6886	0
224	6887	0
224	6888	0
224	6889	0
224	6890	0
224	6891	0
224	6892	0
224	6893	0
224	6894	0
225	6842	-1
225	6841	0
225	6843	0
225	6844	0
225	6845	0
225	6846	0
225	6847	0
225	6848	0
225	6849	0
225	6850	0
225	6851	0
225	6852	0
225	6853	0
225	6854	0
225	6855	0
225	6856	0
225	6857	0
225	6858	0
225	6859	0
225	6860	0
225	6861	0
225	6862	0
225	6863	0
225	6864	0
225	6865	0
225	6866	0
225	6867	0
225	6868	0
225	6869	0
225	6870	0
225	6871	0
225	6872	0
225	6873	0
225	6874	0
226	6812	-1
226	6813	-1
226	6818	-1
226	6819	-1
226	6821	1
226	6814	0
226	6815	0
226	6816	0
226	6817	0
226	6820	0
226	6822	0
226	6823	0
226	6824	0
226	6825	0
226	6826	0
226	6827	0
226	6828	0
226	6829	0
226	6830	0
226	6831	0
226	6832	0
226	6833	0
226	6834	0
226	6835	0
226	6836	0
226	6837	0
226	6838	0
226	6839	0
226	6840	0
227	6779	-1
227	6780	0
227	6781	0
227	6783	0
227	6784	0
227	6785	0
227	6786	0
227	6787	0
227	6788	0
227	6789	0
227	6790	0
227	6791	0
227	6792	0
227	6793	0
227	6794	0
227	6795	0
227	6796	0
227	6797	0
227	6798	0
227	6799	0
227	6800	0
227	6801	0
227	6802	0
227	6803	0
227	6804	0
227	6805	0
227	6806	0
227	6807	0
227	6808	0
227	6809	0
227	6810	0
227	6811	0
228	6753	-1
228	6751	0
228	6752	0
228	6754	0
228	6755	0
228	6756	0
228	6757	0
228	6758	0
228	6759	0
228	6760	0
228	6761	0
228	6762	0
228	6763	0
228	6764	0
228	6765	0
228	6766	0
228	6767	0
228	6768	0
228	6769	0
228	6770	0
228	6771	0
228	6772	0
228	6773	0
228	6774	0
228	6775	0
228	6776	0
228	6777	0
228	6778	0
229	6721	-1
229	6722	-1
229	6728	-1
229	6723	0
229	6724	0
229	6725	0
229	6726	0
229	6727	0
229	6730	0
229	6731	0
229	6732	0
229	6733	0
229	6734	0
229	6735	0
229	6736	0
229	6737	0
229	6738	0
229	6739	0
229	6740	0
229	6741	0
229	6742	0
229	6743	0
229	6744	0
229	6745	0
229	6746	0
229	6747	0
229	6748	0
229	6749	0
230	6685	-1
230	6687	-1
230	6688	-1
230	6689	-1
230	6690	-1
230	6691	0
230	6692	0
230	6693	0
230	6694	0
230	6695	0
230	6696	0
230	6697	0
230	6698	0
230	6699	0
230	6700	0
230	6701	0
230	6702	0
230	6703	0
230	6704	0
230	6705	0
230	6707	0
230	6708	0
230	6710	0
230	6711	0
230	6712	0
230	6713	0
230	6714	0
230	6715	0
230	6716	0
230	6717	0
230	6718	0
230	6720	0
231	6655	-1
231	6656	-1
231	6657	-1
231	6662	0.3
231	6658	0
231	6659	0
231	6660	0
231	6661	0
231	6663	0
231	6664	0
231	6665	0
231	6666	0
231	6667	0
231	6668	0
231	6669	0
231	6670	0
231	6671	0
231	6673	0
231	6674	0
231	6675	0
231	6676	0
231	6677	0
231	6678	0
231	6679	0
231	6680	0
231	6681	0
231	6682	0
231	6683	0
232	6622	-1
232	6625	-1
232	6627	-1
232	6623	0
232	6624	0
232	6626	0
232	6628	0
232	6629	0
232	6630	0
232	6631	0
232	6632	0
232	6633	0
232	6634	0
232	6635	0
232	6636	0
232	6637	0
232	6638	0
232	6639	0
232	6640	0
232	6641	0
232	6642	0
232	6643	0
232	6644	0
232	6645	0
232	6646	0
232	6647	0
232	6648	0
232	6649	0
232	6650	0
232	6651	0
232	6652	0
232	6653	0
233	6590	-1
233	6592	-1
233	6595	-1
233	6596	-1
233	6599	-1
233	6600	-1
233	6606	-1
233	6591	0
233	6593	0
233	6594	0
233	6597	0
233	6598	0
233	6601	0
233	6602	0
233	6603	0
233	6604	0
233	6605	0
233	6607	0
233	6608	0
233	6609	0
233	6610	0
233	6611	0
233	6612	0
233	6613	0
233	6614	0
233	6615	0
233	6616	0
233	6617	0
233	6618	0
233	6619	0
233	6620	0
233	6621	0
234	6558	-1
234	6559	0
234	6560	0
234	6561	0
234	6562	0
234	6563	0
234	6564	0
234	6565	0
234	6566	0
234	6567	0
234	6569	0
234	6570	0
234	6571	0
234	6572	0
234	6573	0
234	6574	0
234	6575	0
234	6576	0
234	6577	0
234	6578	0
234	6579	0
234	6580	0
234	6581	0
234	6582	0
234	6583	0
234	6584	0
234	6585	0
234	6586	0
234	6587	0
234	6588	0
234	6589	0
235	6526	-1
235	6527	0
235	6528	0
235	6529	0
235	6530	0
235	6531	0
235	6532	0
235	6533	0
235	6534	0
235	6535	0
235	6536	0
235	6537	0
235	6538	0
235	6539	0
235	6540	0
235	6541	0
235	6542	0
235	6543	0
235	6545	0
235	6546	0
235	6547	0
235	6548	0
235	6549	0
235	6550	0
235	6551	0
235	6552	0
235	6553	0
235	6554	0
235	6555	0
235	6556	0
235	6557	0
236	6502	-1
236	6494	1
236	6493	0
236	6495	0
236	6496	0
236	6497	0
236	6498	0
236	6499	0
236	6500	0
236	6501	0
236	6503	0
236	6505	0
236	6506	0
236	6507	0
236	6508	0
236	6509	0
236	6510	0
236	6511	0
236	6512	0
236	6513	0
236	6514	0
236	6515	0
236	6516	0
236	6517	0
236	6518	0
236	6519	0
236	6520	0
236	6521	0
236	6522	0
236	6523	0
236	6524	0
236	6525	0
237	6467	-1
237	6468	-1
237	6483	-1
237	6465	0.5
237	6466	0.5
237	6487	0.5
237	6469	0
237	6470	0
237	6471	0
237	6472	0
237	6473	0
237	6474	0
237	6475	0
237	6476	0
237	6477	0
237	6478	0
237	6479	0
237	6480	0
237	6481	0
237	6482	0
237	6484	0
237	6485	0
237	6486	0
237	6488	0
237	6489	0
237	6490	0
237	6491	0
237	6492	0
238	6432	-1
238	6433	-1
238	6431	1
238	6434	0
238	6435	0
238	6436	0
238	6437	0
238	6438	0
238	6440	0
238	6441	0
238	6442	0
238	6443	0
238	6444	0
238	6445	0
238	6446	0
238	6447	0
238	6448	0
238	6449	0
238	6450	0
238	6451	0
238	6452	0
238	6453	0
238	6454	0
238	6455	0
238	6456	0
238	6457	0
238	6458	0
238	6459	0
238	6460	0
238	6461	0
238	6462	0
238	6463	0
238	6464	0
239	6420	-1
239	6422	-1
239	6423	-1
239	6430	-1
239	6424	0
239	6425	0
239	6426	0
239	6427	0
239	6428	0
239	6429	0
240	7178	-1
240	7179	1
240	7180	1
240	7181	0
240	7182	0
240	7183	0
240	7184	0
240	7185	0
240	7186	0
240	7187	0
240	7188	0
240	7189	0
240	7190	0
240	7191	0
240	7192	0
240	7193	0
240	7194	0
240	7195	0
240	7196	0
240	7197	0
240	7198	0
240	7199	0
240	7200	0
240	7201	0
241	7202	-1
241	7203	-1
241	7204	-1
241	7206	-1
241	7215	-1
241	7205	0
241	7207	0
241	7208	0
241	7209	0
241	7210	0
241	7211	0
241	7212	0
241	7213	0
241	7214	0
241	7216	0
241	7217	0
241	7218	0
241	7219	0
241	7220	0
241	7221	0
241	7222	0
241	7223	0
241	7224	0
241	7225	0
241	7226	0
241	7227	0
241	7228	0
242	7149	-1
242	7145	1
242	7146	1
242	7150	0
242	7151	0
242	7152	0
242	7153	0
242	7154	0
242	7155	0
242	7156	0
242	7157	0
242	7158	0
242	7159	0
242	7160	0
242	7161	0
242	7162	0
242	7163	0
242	7165	0
242	7166	0
242	7167	0
242	7168	0
242	7169	0
242	7170	0
242	7171	0
242	7172	0
242	7173	0
242	7174	0
242	7175	0
242	7176	0
242	7177	0
244	7110	-1
244	7113	-1
244	7114	-1
244	7117	-1
244	7108	0
244	7109	0
244	7111	0
244	7112	0
244	7115	0
244	7116	0
244	7118	0
244	7119	0
244	7120	0
244	7121	0
244	7122	0
244	7123	0
244	7124	0
244	7125	0
244	7126	0
244	7127	0
244	7128	0
244	7129	0
244	7130	0
244	7131	0
244	7132	0
244	7133	0
244	7134	0
244	7135	0
244	7136	0
244	7137	0
244	7138	0
244	7139	0
245	7140	-1
245	7141	-1
245	7142	-1
245	7143	-1
245	7144	-1
246	7047	-1
246	7048	1
246	7049	0
246	7050	0
246	7051	0
246	7052	0
246	7053	0
246	7054	0
246	7055	0
246	7056	0
246	7057	0
246	7058	0
246	7059	0
246	7060	0
246	7062	0
246	7063	0
246	7064	0
246	7065	0
246	7066	0
246	7067	0
246	7068	0
246	7069	0
246	7070	0
246	7071	0
246	7072	0
246	7073	0
246	7074	0
246	7075	0
246	7076	0
246	7077	0
246	7078	0
246	7079	0
246	7080	0
246	7081	0
247	7082	-1
247	7083	-1
247	7084	-1
247	7087	-1
247	7090	-1
247	7085	0
247	7086	0
247	7088	0
247	7089	0
247	7091	0
247	7092	0
247	7093	0
247	7094	0
247	7095	0
247	7096	0
247	7097	0
247	7098	0
247	7099	0
247	7100	0
247	7101	0
247	7102	0
247	7103	0
247	7104	0
247	7105	0
247	7106	0
247	7107	0
248	7017	-1
248	7018	-1
248	7022	0.3
248	7019	0
248	7020	0
248	7021	0
248	7024	0
248	7025	0
248	7027	0
248	7028	0
248	7029	0
248	7030	0
248	7031	0
248	7032	0
248	7033	0
248	7034	0
248	7035	0
248	7036	0
248	7037	0
248	7038	0
248	7039	0
248	7040	0
249	7043	-1
249	7045	-1
249	7046	-1
249	7041	0
249	7042	0
249	7044	0
250	6968	-1
250	6969	-1
250	6970	-1
250	6971	-1
250	6978	-1
250	6984	-1
250	6972	0
250	6973	0
250	6974	0
250	6975	0
250	6976	0
250	6977	0
250	6979	0
250	6980	0
250	6981	0
250	6982	0
250	6983	0
250	6985	0
250	6986	0
250	6987	0
250	6988	0
250	6989	0
250	6990	0
250	6993	0
250	6994	0
251	6995	-1
251	6996	-1
251	6997	-1
251	6998	-1
251	6999	0
251	7000	0
251	7001	0
251	7002	0
251	7003	0
251	7004	0
251	7005	0
251	7006	0
251	7007	0
251	7008	0
251	7009	0
251	7010	0
251	7011	0
251	7012	0
251	7013	0
251	7014	0
251	7015	0
251	7016	0
252	6943	-1
252	6944	-1
252	6945	-1
252	6958	-1
252	6946	0
252	6947	0
252	6948	0
252	6949	0
252	6950	0
252	6951	0
252	6952	0
252	6953	0
252	6954	0
252	6956	0
252	6957	0
252	6959	0
252	6960	0
252	6961	0
252	6962	0
253	6963	-1
253	6964	-1
253	6965	-1
253	6966	-1
253	6967	-1
254	6895	-1
254	6896	-1
254	6898	-1
254	6899	-1
254	6900	-1
254	6903	-1
254	6904	-1
254	6905	-1
254	6897	0.3
254	6906	0.3
254	6907	0
254	6908	0
254	6909	0
254	6910	0
254	6911	0
254	6912	0
254	6913	0
254	6914	0
254	6915	0
254	6916	0
254	6917	0
254	6918	0
255	6922	-1
255	6919	0.8
255	6920	0.8
255	6921	0
255	6923	0
255	6924	0
255	6925	0
255	6926	0
255	6927	0
255	6929	0
255	6930	0
255	6931	0
255	6932	0
255	6933	0
255	6934	0
255	6935	0
255	6936	0
255	6937	0
255	6938	0
255	6939	0
255	6940	0
255	6941	0
255	6942	0
256	7229	-1
256	7230	-1
256	7231	-1
256	7232	-1
256	7233	0
256	7234	0
256	7236	0
256	7237	0
256	7239	0
256	7240	0
256	7241	0
256	7242	0
256	7243	0
256	7244	0
256	7245	0
256	7246	0
256	7247	0
256	7248	0
256	7249	0
256	7250	0
256	7251	0
256	7252	0
256	7253	0
256	7254	0
257	7255	-1
257	7256	-1