0	0
0	1
0	2
0	3
0	4
0	5
0	6
0	7
0	9
0	10
0	11
0	12
0	13
0	14
0	15
0	16
0	17
0	18
0	19
0	20
0	21
0	22
0	23
0	24
0	25
0	26
0	27
1	28
1	29
1	30
1	31
1	32
1	33
1	34
1	35
1	37
1	38
1	39
1	41
1	42
1	43
1	44
1	45
1	46
1	49
1	50
1	52
1	53
1	55
1	56
2	57
2	58
2	59
2	60
2	61
2	62
2	65
2	66
2	68
2	70
2	71
2	72
2	73
2	74
2	75
2	76
2	77
2	78
2	79
2	80
2	81
2	82
2	83
2	84
3	87
3	88
3	90
3	93
3	94
3	95
3	96
3	97
3	98
3	100
3	101
3	102
3	104
3	106
3	108
3	109
3	110
3	112
3	113
3	114
3	116
4	117
4	118
4	120
4	123
4	124
4	125
4	126
4	127
4	128
4	129
4	130
4	131
4	132
4	133
4	134
4	135
4	136
4	139
4	140
4	141
4	142
4	143
5	145
5	146
5	147
5	148
5	149
5	150
5	151
5	152
5	153
5	154
5	155
5	156
5	157
5	158
5	159
5	160
5	161
5	162
5	164
5	165
5	166
5	167
5	168
5	169
5	170
5	171
5	172
5	173
5	174
5	175
5	176
5	177
5	178
5	179
5	180
5	181
5	182
5	183
5	184
6	185
6	186
6	187
6	188
6	189
6	190
6	191
6	192
6	193
6	194
6	195
6	196
6	197
6	198
6	199
6	200
6	201
6	202
6	203
6	204
6	205
6	206
6	207
6	208
6	209
6	210
6	211
6	212
6	213
6	214
6	215
6	216
6	217
6	218
6	219
6	220
6	221
7	222
7	223
7	224
7	225
7	226
7	227
7	228
7	229
7	230
7	231
7	232
7	233
7	234
7	235
7	236
7	237
7	238
7	239
7	241
7	242
7	243
7	244
7	245
7	246
7	247
7	250
7	251
7	252
7	253
7	254
7	255
8	256
8	257
8	259
8	260
8	261
8	263
8	264
8	265
8	266
8	267
8	268
8	270
8	271
8	272
8	273
8	275
8	276
8	278
8	279
8	280
8	281
8	282
8	283
8	284
8	285
8	286
8	287
8	288
8	289
8	290
9	292
9	294
9	295
9	296
9	297
9	298
9	299
9	300
9	301
9	302
9	303
9	305
9	306
9	307
9	308
9	309
9	310
9	311
9	314
9	315
9	316
9	317
9	318
9	319
9	320
9	322
9	323
9	324
9	325
9	326
9	327
9	328
10	329
10	330
10	331
10	332
10	334
10	335
10	336
10	338
10	339
10	340
10	341
10	342
10	343
10	345
10	346
10	347
10	348
10	349
10	350
10	351
10	352
10	353
10	354
10	355
10	356
10	357
10	358
10	359
11	360
11	361
11	362
11	363
11	364
11	366
11	367
11	368
11	369
11	370
11	371
11	372
11	373
11	374
11	375
11	376
11	377
11	378
11	379
11	381
11	382
11	384
11	385
11	386
11	388
11	389
11	390
11	391
12	392
12	393
12	394
12	395
12	396
12	397
12	398
12	399
12	400
12	401
12	402
12	403
12	404
12	405
12	406
12	407
12	408
12	409
12	410
12	412
12	413
12	414
12	415
12	416
12	417
12	418
12	419
12	420
12	421
12	422
12	423
12	424
12	425
12	426
13	428
13	429
13	430
13	431
13	432
13	433
13	434
13	435
13	436
13	437
13	438
13	439
13	440
13	441
13	442
13	443
13	444
13	445
13	446
13	447
13	448
13	449
13	450
13	451
13	452
13	453
13	455
13	456
13	457
13	458
13	460
14	461
14	462
14	464
14	465
14	466
14	468
14	469
14	470
14	472
14	473
14	474
14	475
14	476
14	477
14	478
14	479
14	481
14	482
14	484
14	486
14	487
14	488
14	489
14	490
14	491
15	494
15	495
15	496
15	497
15	498
15	499
15	500
15	501
15	502
15	503
15	504
15	506
15	507
15	508
15	509
15	510
15	511
15	512
15	513
15	514
15	515
15	518
15	519
15	520
15	521
15	522
15	523
15	524
15	525
16	555
16	556
16	558
16	559
16	561
16	562
16	563
16	564
16	565
16	566
16	567
16	568
16	570
16	571
16	572
16	573
16	575
16	577
16	579
16	581
16	582
16	583
16	585
16	587
17	526
17	527
17	529
17	531
17	532
17	533
17	534
17	535
17	536
17	537
17	538
17	539
17	540
17	541
17	542
17	543
17	545
17	547
17	549
17	550
17	551
17	552
17	553
18	613
18	614
18	617
18	618
18	619
18	620
18	621
18	622
18	623
18	624
18	627
18	628
18	629
18	630
18	631
18	634
18	635
18	637
18	638
18	639
18	640
18	641
18	642
18	643
18	644
19	589
19	590
19	591
19	592
19	593
19	594
19	595
19	596
19	597
19	598
19	599
19	600
19	602
19	603
19	604
19	605
19	606
19	607
19	608
19	609
19	610
19	611
19	612
20	683
20	684
20	685
20	686
20	687
20	688
20	689
20	691
20	692
20	693
20	695
20	697
20	698
20	699
20	700
20	701
20	702
20	704
20	706
20	708
20	709
20	710
20	711
20	712
20	713
20	714
20	715
21	647
21	648
21	650
21	651
21	652
21	653
21	654
21	655
21	656
21	657
21	658
21	659
21	660
21	661
21	662
21	663
21	664
21	665
21	666
21	667
21	668
21	669
21	670
21	671
21	672
21	674
21	675
21	676
21	677
21	679
21	680
21	681
21	682
22	750
22	751
22	752
22	753
22	754
22	755
22	756
22	758
22	759
22	761
22	762
22	763
22	765
22	766
22	769
22	771
22	772
22	773
22	775
22	776
22	777
22	778
22	780
23	716
23	717
23	718
23	719
23	721
23	722
23	723
23	724
23	725
23	726
23	728
23	729
23	730
23	731
23	732
23	733
23	734
23	735
23	736
23	737
23	738
23	739
23	740
23	741
23	742
23	743
23	744
23	745
23	746
23	747
23	748
24	809
24	810
24	811
24	812
24	814
24	815
24	816
24	817
24	818
24	819
24	820
24	821
24	822
24	823
24	824
24	825
24	826
24	827
24	828
24	829
24	830
24	831
24	832
24	833
24	834
24	835
24	836
24	837
25	781
25	783
25	784
25	785
25	787
25	788
25	789
25	791
25	792
25	793
25	794
25	795
25	796
25	797
25	798
25	799
25	800
25	801
25	802
25	803
25	804
25	805
25	807
25	808
26	870
26	871
26	872
26	873
26	875
26	876
26	877
26	879
26	881
26	882
26	883
26	884
26	885
26	886
26	887
26	888
26	889
26	890
26	891
26	892
26	893
26	894
26	895
26	897
26	898
26	899
27	838
27	839
27	841
27	842
27	843
27	844
27	846
27	847
27	848
27	849
27	850
27	851
27	852
27	853
27	854
27	855
27	856
27	857
27	858
27	859
27	860
27	861
27	862
27	863
27	864
27	865
27	866
27	867
27	868
27	869
28	929
28	930
28	931
28	932
28	933
28	934
28	936
28	937
28	938
28	939
28	940
28	941
28	942
28	943
28	944
28	945
28	946
28	947
28	949
28	950
28	951
28	952
28	953
28	955
28	956
28	957
28	958
28	959
28	960
28	961
29	900
29	901
29	902
29	904
29	905
29	906
29	907
29	908
29	909
29	910
29	911
29	912
29	913
29	914
29	915
29	916
29	917
29	918
29	919
29	920
29	921
29	922
29	923
29	924
29	925
29	926
29	928
30	994
30	995
30	996
30	997
30	999
30	1000
30	1001
30	1002
30	1003
30	1004
30	1005
30	1006
30	1007
30	1008
30	1009
30	1010
30	1011
30	1012
30	1013
30	1014
30	1015
30	1016
30	1017
30	1018
30	1019
30	1020
30	1022
30	1024
30	1025
31	962
31	963
31	965
31	966
31	967
31	968
31	970
31	971
31	972
31	974
31	975
31	976
31	977
31	978
31	979
31	981
31	983
31	984
31	985
31	986
31	987
31	988
31	989
31	990
31	991
31	992
31	993
32	1093
32	1094
32	1095
32	1096
32	1097
32	1098
32	1099
32	1100
32	1101
32	1102
32	1103
32	1105
32	1107
32	1108
32	1109
32	1112
32	1113
32	1114
32	1115
32	1116
32	1117
32	1118
32	1119
33	1120
33	1121
33	1122
33	1123
33	1125
33	1126
33	1127
33	1128
33	1129
33	1130
33	1131
33	1132
33	1133
33	1134
33	1135
33	1136
33	1137
33	1138
33	1139
33	1140
33	1141
33	1142
33	1145
33	1146
33	1147
33	1148
33	1149
33	1150
34	1026
34	1027
34	1028
34	1030
34	1031
34	1032
34	1033
34	1034
34	1036
34	1037
34	1038
34	1039
34	1040
34	1041
34	1042
34	1043
34	1044
34	1047
34	1048
34	1049
34	1051
34	1052
34	1054
34	1055
34	1056
34	1057
34	1058
35	1059
35	1060
35	1061
35	1062
35	1063
35	1064
35	1065
35	1067
35	1068
35	1069
35	1071
35	1072
35	1073
35	1074
35	1075
35	1076
35	1077
35	1078
35	1079
35	1080
35	1081
35	1083
35	1084
35	1086
35	1087
35	1088
35	1089
35	1090
35	1091
35	1092
36	1214
36	1215
36	1216
36	1217
36	1218
36	1219
36	1221
36	1222
36	1223
36	1224
36	1225
36	1226
36	1227
36	1229
36	1230
36	1231
36	1232
36	1233
36	1234
36	1235
36	1236
36	1238
36	1239
36	1240
36	1241
36	1242
36	1243
36	1244
37	1245
37	1246
37	1247
37	1248
37	1249
37	1250
37	1251
37	1252
37	1253
37	1254
37	1256
37	1260
37	1261
37	1265
37	1266
37	1267
37	1268
37	1269
37	1270
37	1271
37	1274
37	1275
37	1276
37	1277
37	1278
37	1279
37	1280
37	1281
38	1151
38	1152
38	1153
38	1154
38	1155
38	1156
38	1158
38	1159
38	1160
38	1161
38	1162
38	1163
38	1164
38	1165
38	1166
38	1167
38	1168
38	1169
38	1170
38	1172
38	1173
38	1174
38	1176
38	1177
38	1178
38	1179
38	1180
38	1181
38	1182
39	1183
39	1184
39	1185
39	1186
39	1187
39	1188
39	1189
39	1190
39	1191
39	1193
39	1194
39	1195
39	1196
39	1197
39	1198
39	1199
39	1200
39	1201
39	1203
39	1204
39	1205
39	1206
39	1207
39	1208
39	1209
39	1210
39	1211
39	1212
40	1328
40	1329
40	1330
40	1331
40	1332
40	1333
40	1334
40	1335
40	1336
40	1337
40	1338
40	1339
40	1340
40	1341
40	1343
40	1344
40	1345
40	1346
40	1347
40	1348
40	1349
40	1350
40	1351
40	1352
40	1353
40	1354
40	1355
40	1356
40	1357
40	1358
40	1359
40	1360
40	1361
40	1362
41	1363
41	1364
41	1365
41	1366
41	1367
41	1368
41	1370
41	1371
41	1372
41	1374
41	1375
41	1377
41	1378
41	1379
41	1380
41	1381
41	1382
41	1385
41	1386
41	1387
41	1388
41	1389
41	1390
41	1391
41	1392
42	1282
42	1283
42	1284
42	1285
42	1286
42	1287
42	1288
42	1289
42	1290
42	1292
42	1293
42	1295
42	1296
42	1297
42	1298
42	1299
42	1300
42	1301
42	1302
42	1303
42	1304
43	1305
43	1306
43	1307
43	1308
43	1309
43	1310
43	1311
43	1312
43	1314
43	1315
43	1316
43	1317
43	1318
43	1319
43	1320
43	1321
43	1322
43	1323
43	1324
43	1325
43	1326
43	1327
44	1453
44	1454
44	1455
44	1456
44	1458
44	1459
44	1460
44	1461
44	1462
44	1463
44	1464
44	1465
44	1467
44	1468
44	1469
44	1471
44	1472
44	1474
44	1475
44	1476
44	1477
44	1479
44	1480
44	1481
44	1482
44	1483
44	1484
45	1485
45	1486
45	1487
45	1490
45	1491
45	1492
45	1493
45	1494
45	1495
45	1496
45	1497
45	1498
45	1499
45	1500
45	1501
45	1502
45	1503
45	1504
45	1506
45	1507
45	1508
45	1509
45	1511
45	1512
45	1513
46	1393
46	1394
46	1395
46	1396
46	1397
46	1398
46	1400
46	1401
46	1402
46	1404
46	1405
46	1406
46	1407
46	1408
46	1409
46	1410
46	1411
46	1412
46	1413
46	1415
46	1416
46	1417
46	1418
46	1419
47	1420
47	1421
47	1422
47	1423
47	1424
47	1425
47	1426
47	1427
47	1429
47	1430
47	1431
47	1432
47	1433
47	1435
47	1436
47	1437
47	1438
47	1439
47	1440
47	1441
47	1442
47	1443
47	1444
47	1445
47	1446
47	1447
47	1448
47	1449
47	1450
47	1451
47	1452
48	1614
48	1615
48	1616
48	1617
48	1618
48	1619
48	1620
48	1621
48	1622
48	1623
48	1624
48	1625
48	1626
48	1627
48	1628
48	1629
48	1630
48	1631
48	1632
48	1633
48	1634
48	1635
48	1637
48	1638
48	1639
48	1640
48	1641
48	1642
48	1643
48	1644
48	1645
48	1646
49	1580
49	1581
49	1582
49	1583
49	1584
49	1585
49	1586
49	1587
49	1588
49	1589
49	1590
49	1591
49	1592
49	1593
49	1594
49	1595
49	1596
49	1597
49	1598
49	1599
49	1600
49	1601
49	1602
49	1603
49	1604
49	1605
49	1606
49	1607
49	1608
49	1609
49	1610
49	1612
49	1613
50	1548
50	1549
50	1550
50	1551
50	1552
50	1553
50	1554
50	1555
50	1556
50	1557
50	1558
50	1559
50	1560
50	1562
50	1563
50	1564
50	1565
50	1566
50	1567
50	1569
50	1570
50	1572
50	1573
50	1574
50	1575
50	1576
50	1577
50	1578
50	1579
51	1514
51	1515
51	1516
51	1517
51	1518
51	1519
51	1520
51	1521
51	1522
51	1523
51	1524
51	1525
51	1526
51	1527
51	1528
51	1529
51	1530
51	1531
51	1533
51	1534
51	1535
51	1536
51	1537
51	1538
51	1539
51	1542
51	1543
51	1544
51	1545
51	1546
51	1547
52	1744
52	1745
52	1746
52	1747
52	1749
52	1751
52	1752
52	1754
52	1755
52	1756
52	1757
52	1758
52	1759
52	1760
52	1761
52	1762
52	1763
52	1764
52	1766
52	1767
52	1768
52	1769
52	1770
52	1771
52	1772
52	1773
52	1774
52	1775
52	1776
53	1713
53	1714
53	1715
53	1716
53	1717
53	1718
53	1719
53	1720
53	1721
53	1722
53	1723
53	1724
53	1726
53	1727
53	1728
53	1729
53	1730
53	1731
53	1732
53	1733
53	1734
53	1735
53	1736
53	1737
53	1738
53	1739
53	1740
53	1741
53	1742
53	1743
54	1680
54	1681
54	1682
54	1683
54	1685
54	1687
54	1689
54	1690
54	1691
54	1692
54	1693
54	1694
54	1695
54	1696
54	1697
54	1698
54	1700
54	1702
54	1703
54	1704
54	1705
54	1706
54	1707
54	1708
54	1709
54	1710
54	1711
54	1712
55	1647
55	1648
55	1649
55	1650
55	1651
55	1652
55	1653
55	1655
55	1656
55	1657
55	1658
55	1659
55	1660
55	1661
55	1662
55	1663
55	1664
55	1665
55	1666
55	1667
55	1668
55	1669
55	1670
55	1671
55	1672
55	1673
55	1674
55	1675
55	1676
55	1677
55	1678
55	1679
56	1846
56	1847
56	1848
56	1849
56	1850
56	1851
56	1852
56	1853
56	1854
56	1855
56	1856
56	1857
56	1858
56	1859
57	1810
57	1811
57	1812
57	1813
57	1815
57	1816
57	1818
57	1819
57	1820
57	1821
57	1822
57	1823
57	1824
57	1825
57	1826
57	1827
57	1828
57	1829
57	1830
57	1831
57	1832
57	1833
57	1835
57	1837
57	1838
57	1839
57	1840
57	1841
57	1842
57	1843
57	1844
57	1845
59	1777
59	1778
59	1779
59	1780
59	1781
59	1782
59	1783
59	1784
59	1785
59	1786
59	1787
59	1788
59	1789
59	1790
59	1791
59	1792
59	1793
59	1794
59	1795
59	1796
59	1797
59	1798
59	1799
59	1800
59	1801
59	1802
59	1803
59	1804
59	1805
59	1806
60	1904
60	1905
60	1907
60	1908
60	1909
60	1910
60	1911
60	1913
60	1914
60	1915
60	1916
60	1917
60	1918
60	1919
60	1920
60	1921
60	1923
60	1924
60	1926
60	1927
60	1928
60	1929
60	1930
60	1931
60	1932
60	1933
60	1934
60	1936
60	1937
61	1897
61	1898
61	1899
61	1900
61	1901
61	1902
61	1903
62	1860
62	1861
62	1862
62	1863
62	1864
62	1865
62	1866
62	1867
62	1868
62	1869
62	1870
62	1871
62	1872
62	1873
62	1874
62	1875
62	1876
62	1877
62	1878
62	1879
62	1880
62	1881
62	1882
62	1883
62	1884
62	1885
62	1886
62	1887
62	1888
62	1889
62	1890
62	1891
62	1892
62	1893
62	1894
62	1895
64	2022
64	2023
64	2024
64	2025
64	2027
64	2028
64	2029
64	2030
64	2032
64	2033
64	2034
64	2035
64	2036
64	2037
64	2038
64	2039
64	2040
64	2041
64	2042
64	2043
64	2044
64	2045
65	2046
65	2047
65	2049
65	2052
65	2053
65	2054
65	2055
65	2056
65	2057
65	2058
65	2059
65	2060
65	2061
65	2062
65	2063
65	2064
65	2065
65	2066
65	2068
65	2069
65	2070
65	2071
65	2072
65	2073
65	2074
65	2075
65	2076
65	2077
65	2078
65	2079
65	2081
66	2082
66	2083
66	2084
66	2085
66	2086
66	2087
66	2088
66	2089
66	2090
66	2091
66	2092
66	2093
66	2094
66	2095
66	2096
66	2097
66	2098
66	2099
66	2100
66	2101
66	2102
66	2105
66	2106
66	2107
66	2108
66	2109
66	2110
66	2111
66	2112
66	2113
66	2115
66	2116
66	2117
66	2118
67	2119
67	2120
67	2121
67	2123
67	2124
67	2125
67	2126
67	2127
67	2128
67	2129
67	2130
67	2131
67	2132
67	2133
67	2134
67	2135
67	2136
67	2137
67	2138
67	2139
67	2140
67	2141
67	2142
67	2144
67	2145
67	2146
67	2147
67	2148
67	2149
67	2150
68	1939
68	1940
68	1942
68	1943
68	1944
68	1945
68	1946
68	1947
68	1948
68	1949
68	1950
68	1951
68	1952
68	1953
68	1954
68	1955
68	1956
68	1957
68	1958
68	1959
68	1960
68	1961
68	1962
68	1963
68	1964
69	1967
69	1968
69	1969
69	1970
69	1971
69	1972
69	1973
69	1975
69	1976
69	1977
69	1978
69	1979
69	1980
69	1981
69	1982
69	1983
69	1984
69	1985
69	1986
69	1987
70	1988
70	1989
70	1990
70	1991
70	1992
70	1993
70	1994
70	1995
70	1996
70	1997
70	1998
70	1999
70	2000
70	2001
70	2003
70	2004
70	2005
70	2006
70	2007
70	2008
70	2009
70	2010
70	2011
70	2012
70	2013
70	2014
70	2015
70	2016
70	2017
70	2018
71	2019
71	2020
71	2021
72	2233
72	2234
72	2235
72	2236
72	2237
72	2239
72	2240
72	2241
73	2242
73	2245
73	2246
73	2247
73	2248
73	2249
73	2251
73	2252
73	2253
73	2254
73	2255
73	2257
73	2260
73	2261
73	2262
73	2265
73	2266
73	2267
73	2268
74	2269
74	2270
74	2271
74	2272
74	2273
74	2274
74	2275
74	2276
74	2277
74	2278
74	2279
74	2280
74	2282
74	2283
74	2285
74	2286
74	2287
74	2289
74	2290
74	2291
74	2292
74	2293
74	2294
74	2295
74	2296
74	2297
74	2298
74	2299
74	2301
74	2302
74	2303
75	2306
75	2307
75	2308
75	2309
75	2310
75	2311
75	2312
75	2313
75	2314
75	2315
75	2316
75	2317
75	2318
75	2319
75	2320
75	2321
75	2322
75	2323
75	2324
75	2325
75	2326
75	2327
75	2328
75	2329
75	2330
75	2331
75	2332
75	2333
75	2334
75	2335
77	2151
77	2152
77	2153
77	2154
77	2155
77	2156
77	2157
77	2158
77	2159
77	2160
77	2161
77	2162
77	2163
77	2164
77	2165
77	2166
77	2167
78	2168
78	2169
78	2170
78	2171
78	2172
78	2173
78	2174
78	2175
78	2176
78	2177
78	2178
78	2179
78	2181
78	2182
78	2183
78	2187
78	2189
78	2190
78	2191
78	2192
78	2193
78	2194
78	2196
78	2197
78	2198
78	2199
78	2200
78	2201
78	2202
79	2204
79	2205
79	2207
79	2208
79	2209
79	2210
79	2211
79	2212
79	2213
79	2214
79	2215
79	2216
79	2217
79	2218
79	2219
79	2220
79	2221
79	2222
79	2223
79	2224
79	2225
79	2226
79	2227
79	2228
79	2229
79	2230
79	2231
79	2232
81	2417
81	2418
81	2419
81	2420
81	2421
81	2422
81	2423
81	2424
81	2425
81	2426
81	2427
81	2428
81	2429
81	2430
81	2431
81	2432
81	2434
81	2435
81	2436
82	2468
82	2469
82	2470
82	2471
82	2472
82	2473
82	2474
82	2475
82	2476
82	2477
82	2478
82	2479
82	2480
82	2481
82	2482
82	2483
82	2484
82	2485
82	2486
82	2487
82	2488
82	2489
82	2490
82	2491
82	2492
82	2493
83	2437
83	2438
83	2439
83	2440
83	2441
83	2442
83	2443
83	2444
83	2445
83	2446
83	2447
83	2448
83	2449
83	2450
83	2451
83	2452
83	2453
83	2454
83	2455
83	2456
83	2458
83	2459
83	2460
83	2461
83	2462
83	2463
83	2464
83	2465
83	2466
83	2467
84	2336
84	2337
84	2338
84	2339
84	2340
84	2341
84	2342
84	2343
84	2344
84	2345
84	2346
84	2347
84	2348
84	2350
84	2351
84	2352
84	2353
84	2354
84	2356
84	2357
84	2358
84	2359
84	2360
84	2361
84	2362
84	2364
84	2365
84	2366
86	2396
86	2397
86	2398
86	2399
86	2400
86	2401
86	2402
86	2403
86	2404
86	2405
86	2406
86	2407
86	2408
86	2409
86	2411
86	2412
86	2413
86	2415
86	2416
87	2367
87	2368
87	2369
87	2370
87	2371
87	2372
87	2374
87	2375
87	2377
87	2378
87	2379
87	2380
87	2382
87	2383
87	2385
87	2386
87	2387
87	2388
87	2390
87	2391
87	2393
87	2394
88	2655
88	2656
88	2657
88	2658
88	2659
88	2660
88	2662
88	2664
88	2665
88	2667
88	2668
88	2669
88	2670
88	2671
88	2672
88	2673
88	2674
88	2675
88	2676
88	2677
88	2679
88	2680
89	2621
89	2622
89	2623
89	2624
89	2626
89	2627
89	2628
89	2629
89	2630
89	2631
89	2632
89	2633
89	2635
89	2636
89	2637
89	2639
89	2640
89	2641
89	2643
89	2644
89	2645
89	2646
89	2647
89	2648
89	2649
89	2650
89	2651
89	2652
89	2653
89	2654
90	2713
90	2714
90	2715
90	2716
90	2717
90	2718
90	2719
90	2720
90	2721
90	2722
90	2723
90	2724
90	2726
90	2727
90	2728
90	2729
90	2730
90	2731
90	2732
90	2733
90	2734
90	2735
90	2736
90	2737
90	2738
90	2739
90	2740
90	2741
90	2742
90	2743
90	2744
90	2745
90	2746
90	2747
91	2682
91	2683
91	2684
91	2685
91	2686
91	2687
91	2688
91	2689
91	2690
91	2691
91	2692
91	2693
91	2694
91	2695
91	2696
91	2697
91	2698
91	2699
91	2700
91	2701
91	2702
91	2703
91	2704
91	2705
91	2706
91	2707
91	2708
91	2709
91	2710
91	2711
91	2712
92	2525
92	2526
92	2527
92	2528
92	2529
92	2531
92	2532
92	2533
92	2534
92	2535
92	2536
92	2539
92	2540
92	2541
92	2542
92	2543
92	2544
92	2546
92	2547
92	2548
92	2549
92	2550
92	2551
92	2552
92	2553
92	2554
92	2555
92	2557
92	2558
93	2494
93	2495
93	2497
93	2498
93	2499
93	2501
93	2502
93	2503
93	2504
93	2505
93	2506
93	2507
93	2508
93	2509
93	2510
93	2511
93	2512
93	2513
93	2514
93	2515
93	2516
93	2519
93	2520
93	2521
93	2522
93	2523
93	2524
94	2596
94	2597
94	2598
94	2599
94	2600
94	2601
94	2602
94	2603
94	2604
94	2605
94	2607
94	2609
94	2610
94	2612
94	2613
94	2614
94	2615
94	2616
94	2617
94	2618
94	2619
95	2560
95	2562
95	2563
95	2564
95	2565
95	2566
95	2567
95	2568
95	2569
95	2571
95	2572
95	2573
95	2574
95	2575
95	2576
95	2577
95	2579
95	2580
95	2581
95	2583
95	2584
95	2585
95	2586
95	2587
95	2588
95	2589
95	2590
95	2591
95	2592
95	2593
95	2594
95	2595
96	2890
96	2891
96	2892
96	2893
96	2894
96	2895
96	2896
96	2897
96	2900
96	2901
96	2902
96	2903
96	2904
96	2905
96	2906
96	2908
96	2909
96	2911
96	2914
97	2915
97	2916
97	2917
97	2918
97	2919
97	2921
97	2922
97	2923
97	2924
97	2925
97	2926
97	2927
97	2928
97	2929
97	2930
97	2931
97	2932
98	2857
98	2858
98	2859
99	2861
99	2862
99	2863
99	2864
99	2865
99	2866
99	2867
99	2868
99	2869
99	2870
99	2871
99	2872
99	2873
99	2874
99	2875
99	2876
99	2877
99	2878
99	2879
99	2880
99	2881
99	2883
99	2885
99	2886
99	2888
99	2889
100	2800
100	2801
100	2802
100	2803
100	2804
100	2805
100	2807
100	2811
100	2812
100	2813
100	2815
100	2817
100	2818
100	2819
100	2820
100	2821
100	2822
100	2823
100	2824
101	2825
101	2826
101	2828
101	2830
101	2831
101	2832
101	2833
101	2834
101	2835
101	2836
101	2837
101	2838
101	2839
101	2840
101	2841
101	2842
101	2843
101	2844
101	2845
101	2846
101	2847
101	2848
101	2849
101	2850
101	2851
101	2852
101	2853
101	2854
101	2855
101	2856
102	2748
102	2749
102	2750
102	2751
102	2752
102	2754
102	2755
102	2756
102	2760
102	2761
102	2762
102	2763
102	2764
102	2765
102	2767
102	2768
102	2769
102	2770
102	2771
102	2772
102	2773
102	2774
102	2775
102	2776
102	2777
102	2778
102	2779
103	2780
103	2781
103	2782
103	2783
103	2784
103	2785
103	2786
103	2787
103	2788
103	2789
103	2790
103	2791
103	2792
103	2793
103	2794
103	2795
103	2796
103	2797
103	2798
103	2799
104	3110
104	3111
104	3112
104	3113
105	3114
105	3115
105	3116
105	3117
105	3118
105	3119
105	3120
105	3121
105	3122
105	3123
105	3124
105	3125
105	3126
105	3127
105	3128
105	3129
105	3130
105	3132
105	3133
105	3135
105	3136
105	3137
105	3138
105	3139
105	3140
105	3141
105	3142
105	3143
105	3144
105	3145
105	3146
105	3147
106	3051
106	3052
106	3053
106	3054
106	3055
106	3056
106	3058
106	3059
106	3061
106	3062
106	3064
106	3065
106	3066
106	3067
106	3068
106	3069
106	3070
106	3071
106	3072
106	3074
106	3075
106	3076
106	3077
107	3078
107	3079
107	3080
107	3081
107	3082
107	3083
107	3084
107	3085
107	3086
107	3087
107	3088
107	3090
107	3091
107	3092
107	3093
107	3094
107	3095
107	3096
107	3097
107	3098
107	3099
107	3100
107	3101
107	3102
107	3103
107	3104
107	3105
107	3107
107	3108
107	3109
108	3002
108	3003
108	3004
108	3005
108	3006
108	3007
108	3008
108	3009
108	3010
108	3011
108	3012
108	3013
108	3014
108	3015
108	3016
109	3017
109	3018
109	3019
109	3020
109	3022
109	3023
109	3024
109	3025
109	3026
109	3027
109	3028
109	3029
109	3030
109	3031
109	3032
109	3033
109	3034
109	3035
109	3036
109	3037
109	3038
109	3039
109	3040
109	3041
109	3042
109	3043
109	3044
109	3045
109	3046
109	3047
109	3049
109	3050
110	2933
110	2934
110	2935
110	2936
110	2937
110	2940
110	2941
110	2942
110	2943
110	2944
110	2945
110	2947
110	2948
110	2949
110	2950
110	2951
110	2953
110	2954
110	2955
110	2956
110	2957
110	2958
110	2961
110	2962
110	2963
111	2964
111	2965
111	2966
111	2967
111	2968
111	2969
111	2970
111	2971
111	2972
111	2973
111	2974
111	2975
111	2977
111	2978
111	2979
111	2980
111	2981
111	2982
111	2983
111	2984
111	2985
111	2986
111	2987
111	2988
111	2989
111	2991
111	2992
111	2993
111	2994
111	2995
111	2996
111	2997
111	3000
111	3001
112	3345
112	3346
112	3347
112	3348
112	3349
112	3350
112	3351
112	3352
112	3353
112	3354
112	3355
112	3357
112	3358
112	3359
112	3360
112	3361
112	3362
112	3363
112	3367
112	3368
112	3369
112	3370
112	3371
112	3372
112	3373
112	3374
112	3375
112	3376
112	3377
113	3307
113	3308
113	3309
113	3310
113	3311
113	3312
113	3313
113	3316
113	3317
113	3318
113	3319
113	3320
113	3321
113	3322
113	3323
113	3325
113	3326
113	3327
113	3329
113	3330
113	3331
113	3332
113	3333
113	3334
113	3335
113	3337
113	3338
113	3339
113	3340
113	3341
113	3343
114	3296
114	3297
114	3298
114	3299
114	3300
114	3301
114	3302
114	3303
114	3304
114	3305
114	3306
115	3262
115	3263
115	3264
115	3265
115	3266
115	3267
115	3268
115	3269
115	3270
115	3271
115	3272
115	3273
115	3274
115	3275
115	3276
115	3277
115	3278
115	3279
115	3280
115	3281
115	3282
115	3283
115	3284
115	3285
115	3286
115	3287
115	3288
115	3289
115	3290
115	3291
115	3292
115	3293
115	3294
115	3295
116	3226
116	3227
116	3228
116	3229
116	3230
116	3231
116	3232
116	3233
116	3234
116	3235
116	3236
116	3237
116	3238
116	3239
116	3240
116	3241
116	3242
116	3243
116	3244
116	3245
116	3247
116	3248
116	3249
116	3250
116	3251
116	3252
116	3253
116	3254
116	3255
116	3256
116	3257
116	3259
116	3260
116	3261
117	3194
117	3195
117	3196
117	3197
117	3198
117	3199
117	3201
117	3202
117	3203
117	3205
117	3206
117	3207
117	3208
117	3209
117	3210
117	3211
117	3212
117	3213
117	3214
117	3215
117	3216
117	3217
117	3218
117	3219
117	3220
117	3221
117	3222
117	3223
117	3224
117	3225
118	3169
118	3170
118	3171
118	3172
118	3173
118	3174
118	3175
118	3176
118	3177
118	3178
118	3179
118	3180
118	3181
118	3182
118	3183
118	3184
118	3185
118	3186
118	3188
118	3190
118	3191
118	3193
119	3148
119	3149
119	3150
119	3151
119	3152
119	3155
119	3157
119	3158
119	3159
119	3160
119	3161
119	3162
119	3163
119	3164
119	3165
119	3166
119	3167
119	3168
120	3571
120	3572
120	3573
120	3574
120	3575
120	3577
120	3578
120	3579
120	3580
120	3581
120	3582
120	3583
120	3584
120	3585
120	3586
120	3587
120	3588
120	3589
120	3590
120	3591
120	3592
120	3593
120	3594
120	3595
120	3596
120	3597
120	3598
120	3599
120	3600
120	3601
120	3602
120	3603
120	3604
120	3605
120	3606
120	3607
120	3608
121	3551
121	3553
121	3554
121	3555
121	3556
121	3557
121	3558
121	3559
121	3560
121	3561
121	3562
121	3563
121	3564
121	3565
121	3566
121	3567
121	3569
121	3570
122	3527
122	3528
122	3529
122	3530
122	3531
122	3532
122	3533
122	3534
122	3535
122	3536
122	3537
122	3538
122	3539
122	3540
122	3541
122	3544
122	3545
122	3546
122	3547
122	3548
122	3549
122	3550
123	3488
123	3490
123	3491
123	3492
123	3493
123	3494
123	3495
123	3496
123	3497
123	3498
123	3499
123	3500
123	3501
123	3502
123	3503
123	3504
123	3505
123	3506
123	3507
123	3508
123	3509
123	3510
123	3511
123	3512
123	3513
123	3514
123	3515
123	3516
123	3517
123	3518
123	3519
123	3520
123	3521
123	3522
123	3523
123	3524
123	3525
123	3526
124	3464
124	3465
124	3466
124	3467
124	3468
124	3469
124	3470
124	3471
124	3472
124	3473
124	3474
124	3475
124	3476
124	3477
124	3478
124	3479
124	3480
124	3481
124	3483
124	3484
124	3485
124	3486
124	3487
125	3431
125	3432
125	3434
125	3435
125	3436
125	3437
125	3438
125	3439
125	3440
125	3441
125	3442
125	3443
125	3445
125	3447
125	3448
125	3449
125	3450
125	3451
125	3452
125	3453
125	3455
125	3456
125	3457
125	3458
125	3459
125	3460
125	3461
125	3462
125	3463
126	3396
126	3397
126	3398
126	3399
126	3400
126	3401
126	3402
126	3403
126	3404
126	3406
126	3407
126	3408
126	3409
126	3410
126	3411
126	3412
126	3413
126	3414
126	3415
126	3417
126	3418
126	3419
126	3420
126	3421
126	3422
126	3423
126	3424
126	3425
126	3426
126	3427
126	3428
126	3429
126	3430
127	3378
127	3379
127	3380
127	3381
127	3382
127	3383
127	3384
127	3385
127	3386
127	3387
127	3388
127	3389
127	3390
127	3391
127	3392
127	3393
127	3394
127	3395
128	3894
128	3895
128	3896
128	3897
128	3898
128	3899
128	3900
128	3901
128	3902
128	3903
128	3904
128	3905
128	3906
128	3907
128	3908
128	3909
128	3910
128	3911
128	3912
128	3913
128	3914
129	3858
129	3857
129	3856
129	3859
129	3860
129	3861
129	3862
129	3863
129	3864
129	3866
129	3867
129	3868
129	3869
129	3870
129	3871
129	3872
129	3873
129	3874
129	3875
129	3876
129	3877
129	3878
129	3879
129	3881
129	3882
129	3883
129	3884
129	3885
129	3886
129	3887
129	3888
129	3889
129	3890
129	3891
129	3892
129	3893
130	3943
130	3948
130	3942
130	3944
130	3945
130	3946
130	3947
130	3949
130	3951
130	3952
130	3953
130	3954
130	3955
130	3956
130	3957
130	3958
130	3959
130	3960
130	3961
130	3962
130	3963
130	3964
130	3965
130	3966
130	3967
130	3968
130	3969
130	3970
131	3915
131	3918
131	3921
131	3922
131	3923
131	3924
131	3925
131	3926
131	3927
131	3928
131	3929
131	3930
131	3932
131	3934
131	3936
131	3937
131	3938
131	3941
132	4003
132	4008
132	4004
132	4005
132	4006
132	4007
132	4009
132	4010
132	4011
132	4013
132	4014
132	4015
132	4016
132	4017
132	4018
132	4019
132	4020
132	4021
132	4022
132	4023
132	4024
132	4025
132	4026
132	4028
132	4029
132	4030
132	4031
132	4032
132	4033
132	4034
132	4035
132	4036
133	3975
133	3971
133	3973
133	3976
133	3977
133	3978
133	3979
133	3980
133	3982
133	3983
133	3984
133	3985
133	3986
133	3987
133	3988
133	3989
133	3991
133	3992
133	3993
133	3995
133	3996
133	3997
133	3998
133	3999
133	4000
133	4002
134	4074
134	4075
134	4076
134	4077
134	4078
134	4079
134	4080
134	4081
134	4082
134	4083
134	4084
134	4085
134	4086
134	4087
134	4088
134	4090
134	4091
134	4092
134	4093
134	4095
134	4096
134	4097
134	4098
134	4099
134	4100
134	4101
134	4102
134	4103
135	4039
135	4037
135	4038
135	4040
135	4041
135	4042
135	4043
135	4044
135	4045
135	4046
135	4047
135	4048
135	4049
135	4050
135	4051
135	4053
135	4054
135	4055
135	4056
135	4057
135	4058
135	4059
135	4060
135	4062
135	4063
135	4064
135	4065
135	4066
135	4067
135	4068
135	4069
135	4070
135	4071
135	4072
136	3645
136	3644
136	3646
136	3647
136	3648
136	3649
136	3650
136	3651
137	3611
137	3610
137	3612
137	3613
137	3614
137	3615
137	3616
137	3617
137	3618
137	3619
137	3620
137	3621
137	3622
137	3623
137	3624
137	3625
137	3626
137	3627
137	3628
137	3629
137	3630
137	3631
137	3632
137	3633
137	3634
137	3635
137	3637
137	3638
137	3639
137	3640
137	3641
137	3642
137	3643
138	3727
138	3728
138	3729
138	3730
138	3731
138	3732
138	3733
138	3734
138	3735
140	3769
140	3767
140	3768
140	3770
140	3771
140	3772
140	3773
140	3775
140	3776
141	3738
141	3736
141	3737
141	3739
141	3740
141	3741
141	3742
141	3743
141	3744
141	3745
141	3746
141	3748
141	3749
141	3750
141	3751
141	3753
141	3754
141	3755
141	3757
141	3758
141	3759
141	3761
141	3762
141	3763
141	3764
141	3765
141	3766
142	3827
142	3828
142	3829
142	3830
142	3831
142	3832
142	3833
142	3834
142	3835
142	3836
142	3837
142	3838
142	3839
142	3841
142	3843
142	3845
142	3846
142	3847
142	3848
142	3849
142	3850
142	3851
142	3852
142	3853
142	3854
142	3855
144	4342
144	4340
144	4341
144	4343
144	4344
144	4345
144	4346
144	4347
144	4348
144	4349
144	4350
144	4351
144	4352
144	4353
144	4354
144	4355
144	4356
144	4357
144	4358
144	4359
144	4360
144	4361
144	4362
144	4363
144	4364
144	4365
144	4366
144	4367
144	4368
144	4369
145	4371
145	4370
145	4372
146	4379
146	4374
146	4373
146	4375
146	4376
146	4377
146	4378
146	4380
146	4381
146	4383
146	4384
146	4385
146	4386
146	4387
146	4388
146	4390
146	4391
146	4392
146	4393
146	4394
146	4395
146	4396
146	4397
146	4399
146	4400
146	4402
146	4403
146	4404
146	4406
146	4407
147	4412
147	4409
147	4410
147	4411
147	4413
147	4414
147	4415
147	4417
147	4418
147	4419
147	4421
147	4422
147	4423
147	4424
147	4425
147	4427
147	4428
147	4429
147	4430
147	4431
147	4432
147	4433
147	4434
147	4435
147	4436
147	4437
147	4442
147	4444
147	4445
147	4446
147	4447
148	4451
148	4448
148	4450
148	4452
148	4453
148	4455
148	4457
148	4458
148	4459
148	4460
148	4461
148	4462
148	4463
148	4464
148	4465
148	4466
148	4467
148	4468
148	4470
148	4471
148	4472
148	4473
148	4474
148	4475
148	4476
148	4477
148	4478
148	4479
148	4480
148	4481
148	4482
148	4483
149	4492
149	4484
149	4485
149	4488
149	4489
149	4490
149	4491
149	4493
149	4494
149	4495
149	4496
149	4497
149	4498
149	4499
149	4500
149	4501
149	4502
149	4505
149	4506
149	4507
149	4508
149	4509
149	4510
149	4511
149	4512
149	4513
150	4515
150	4517
150	4514
150	4516
150	4519
150	4520
150	4521
150	4522
150	4523
150	4526
150	4527
150	4528
150	4529
150	4530
150	4531
150	4532
150	4533
150	4534
150	4535
150	4537
150	4540
150	4542
150	4543
150	4544
150	4545
150	4546
151	4547
151	4548
151	4554
151	4555
151	4556
151	4557
151	4559
151	4549
151	4552
151	4553
151	4558
151	4561
151	4562
151	4563
151	4564
151	4565
151	4566
151	4567
151	4568
151	4569
151	4570
151	4571
151	4572
151	4573
151	4574
151	4575
151	4577
151	4578
151	4579
151	4580
151	4581
152	4104
152	4105
152	4106
152	4107
152	4108
152	4109
152	4110
152	4111
152	4112
152	4113
152	4114
152	4115
152	4116
152	4117
152	4118
152	4119
152	4121
152	4122
152	4123
152	4124
152	4125
152	4126
152	4127
152	4128
152	4129
152	4130
153	4139
153	4137
153	4131
153	4132
153	4134
153	4135
153	4136
153	4138
153	4140
153	4141
153	4142
153	4143
153	4144
153	4145
153	4146
153	4147
153	4148
153	4149
153	4150
153	4151
153	4152
153	4153
153	4154
153	4155
153	4156
154	4157
154	4158
154	4159
154	4160
154	4161
154	4162
154	4163
154	4164
154	4166
154	4167
154	4168
154	4169
154	4170
154	4171
154	4172
154	4173
154	4174
154	4175
154	4176
154	4177
154	4178
154	4179
154	4180
154	4181
154	4182
154	4183
154	4184
154	4185
155	4197
155	4186
155	4187
155	4188
155	4189
155	4190
155	4191
155	4192
155	4193
155	4194
155	4195
155	4196
155	4198
155	4199
155	4200
155	4201
155	4202
155	4203
155	4204
155	4206
155	4207
155	4208
155	4209
155	4210
155	4211
155	4212
155	4213
155	4214
155	4215
155	4216
155	4217
156	4225
156	4218
156	4219
156	4220
156	4221
156	4222
156	4224
156	4226
156	4227
156	4228
156	4230
156	4231
156	4232
156	4233
156	4236
156	4237
156	4238
156	4240
156	4241
156	4242
156	4244
156	4245
156	4246
156	4247
156	4248
157	4249
157	4250
157	4251
157	4252
157	4253
157	4254
157	4255
157	4256
157	4257
157	4258
157	4259
157	4260
157	4262
157	4263
157	4264
157	4265
157	4266
157	4267
157	4268
157	4269
157	4270
157	4271
157	4272
157	4273
157	4274
157	4275
157	4276
157	4277
157	4278
157	4279
158	4291
158	4280
158	4281
158	4283
158	4284
158	4285
158	4286
158	4287
158	4288
158	4289
158	4290
158	4293
158	4295
158	4296
158	4297
158	4298
158	4299
158	4301
158	4302
158	4303
158	4304
158	4306
158	4307
158	4308
158	4309
158	4310
159	4316
159	4311
159	4312
159	4313
159	4314
159	4315
159	4317
159	4318
159	4319
159	4320
159	4321
159	4322
159	4323
159	4324
159	4325
159	4326
159	4327
159	4329
159	4330
159	4331
159	4332
159	4333
159	4334
159	4335
159	4336
159	4337
159	4338
159	4339
160	4916
160	4912
160	4913
160	4914
160	4917
160	4918
160	4919
160	4920
160	4921
160	4922
160	4923
160	4925
160	4926
160	4927
160	4928
160	4929
160	4930
160	4931
160	4932
160	4933
160	4934
160	4935
160	4936
160	4937
160	4938
160	4939
160	4940
160	4941
160	4942
160	4943
160	4944
160	4945
161	4899
161	4903
161	4881
161	4883
161	4884
161	4885
161	4886
161	4887
161	4888
161	4889
161	4890
161	4891
161	4892
161	4893
161	4894
161	4895
161	4897
161	4898
161	4900
161	4901
161	4904
161	4905
161	4906
161	4909
161	4910
161	4911
162	4850
162	4857
162	4851
162	4852
162	4853
162	4855
162	4856
162	4858
162	4859
162	4860
162	4861
162	4862
162	4863
162	4864
162	4865
162	4866
162	4867
162	4868
162	4870
162	4871
162	4872
162	4873
162	4874
162	4877
162	4878
162	4879
162	4880
163	4815
163	4816
163	4817
163	4818
163	4821
163	4819
163	4820
163	4822
163	4823
163	4824
163	4825
163	4826
163	4827
163	4828
163	4829
163	4830
163	4831
163	4832
163	4833
163	4834
163	4835
163	4837
163	4838
163	4839
163	4840
163	4841
163	4842
163	4843
163	4844
163	4845
163	4846
163	4847
163	4848
163	4849
164	5038
164	5039
164	5040
164	5041
164	5042
164	5043
164	5045
164	5047
164	5048
164	5049
164	5050
164	5051
164	5052
164	5053
164	5054
164	5055
164	5056
164	5057
164	5058
164	5059
164	5060
164	5061
164	5062
164	5063
164	5064
164	5065
164	5066
164	5067
165	5007
165	5009
165	5011
165	5029
165	5008
165	5010
165	5012
165	5013
165	5014
165	5015
165	5016
165	5017
165	5018
165	5019
165	5020
165	5021
165	5022
165	5023
165	5024
165	5025
165	5026
165	5027
165	5028
165	5030
165	5031
165	5032
165	5033
165	5034
165	5035
165	5036
166	4973
166	4974
166	4977
166	4980
166	4975
166	4976
166	4978
166	4979
166	4981
166	4982
166	4983
166	4984
166	4985
166	4986
166	4987
166	4988
166	4989
166	4990
166	4991
166	4992
166	4993
166	4994
166	4995
166	4996
166	4997
166	5000
166	5001
166	5002
166	5003
166	5004
166	5005
166	5006
167	4946
167	4947
167	4948
167	4949
167	4951
167	4952
167	4953
167	4954
167	4955
167	4956
167	4957
167	4958
167	4959
167	4960
167	4961
167	4962
167	4963
167	4964
167	4965
167	4966
167	4967
167	4968
167	4969
167	4970
167	4971
167	4972
168	4670
168	4671
168	4672
168	4673
168	4676
168	4680
168	4675
168	4677
168	4678
168	4679
168	4681
168	4682
168	4683
168	4684
168	4685
168	4686
168	4687
168	4688
168	4689
168	4690
168	4691
168	4692
168	4693
168	4695
168	4696
168	4697
168	4698
168	4699
169	4641
169	4642
169	4644
169	4645
169	4646
169	4647
169	4648
169	4649
169	4650
169	4651
169	4652
169	4653
169	4654
169	4655
169	4656
169	4657
169	4658
169	4660
169	4661
169	4662
169	4663
169	4664
169	4665
169	4667
169	4668
169	4669
170	4625
170	4609
170	4610
170	4611
170	4612
170	4613
170	4614
170	4615
170	4616
170	4617
170	4618
170	4619
170	4621
170	4622
170	4623
170	4624
170	4626
170	4627
170	4628
170	4629
170	4630
170	4631
170	4632
170	4633
170	4634
170	4635
170	4636
170	4637
170	4638
170	4639
170	4640
171	4583
171	4582
171	4584
171	4585
171	4586
171	4587
171	4588
171	4591
171	4592
171	4593
171	4594
171	4596
171	4597
171	4598
171	4599
171	4600
171	4601
171	4602
171	4603
171	4604
171	4605
171	4606
171	4607
171	4608
172	4788
172	4787
172	4789
172	4790
172	4791
172	4792
172	4793
172	4794
172	4795
172	4796
172	4797
172	4798
172	4799
172	4800
172	4801
172	4802
172	4803
172	4804
172	4805
172	4806
172	4807
172	4808
172	4809
172	4810
172	4811
172	4814
173	4757
173	4761
173	4759
173	4760
173	4762
173	4763
173	4764
173	4765
173	4766
173	4768
173	4769
173	4770
173	4771
173	4772
173	4773
173	4774
173	4775
173	4776
173	4777
173	4778
173	4779
173	4780
173	4781
173	4782
173	4783
173	4784
173	4785
173	4786
174	4736
174	4728
174	4729
174	4730
174	4731
174	4732
174	4733
174	4735
174	4737
174	4738
174	4739
174	4740
174	4741
174	4742
174	4743
174	4744
174	4745
174	4746
174	4747
174	4748
174	4749
174	4750
174	4751
174	4752
174	4753
174	4754
174	4756
175	4703
175	4704
175	4700
175	4702
175	4705
175	4706
175	4707
175	4709
175	4710
175	4711
175	4712
175	4713
175	4714
175	4715
175	4716
175	4717
175	4718
175	4719
175	4720
175	4721
175	4722
175	4724
175	4725
175	4726
175	4727
176	5378
176	5377
176	5381
176	5379
176	5380
176	5382
176	5383
176	5384
176	5385
176	5386
176	5387
176	5388
176	5389
176	5390
176	5391
176	5392
176	5393
176	5394
176	5396
176	5397
176	5398
176	5399
176	5401
176	5402
176	5403
176	5404
176	5405
176	5406
177	5414
177	5412
177	5420
177	5407
177	5408
177	5410
177	5411
177	5413
177	5415
177	5416
177	5417
177	5418
177	5419
177	5421
177	5422
177	5423
177	5425
177	5426
177	5427
177	5428
177	5429
177	5430
177	5431
177	5432
177	5433
177	5434
177	5435
177	5436
177	5437
178	5315
178	5314
178	5313
178	5316
178	5318
178	5319
178	5320
178	5321
178	5322
178	5323
178	5324
178	5325
178	5326
178	5327
178	5328
178	5330
178	5331
178	5332
178	5333
178	5334
178	5335
178	5336
178	5337
178	5338
178	5339
178	5340
178	5342
178	5343
179	5344
179	5345
179	5346
179	5363
179	5347
179	5348
179	5349
179	5350
179	5351
179	5352
179	5354
179	5355
179	5356
179	5357
179	5358
179	5359
179	5360
179	5361
179	5362
179	5364
179	5365
179	5366
179	5367
179	5368
179	5369
179	5370
179	5371
179	5372
179	5373
179	5374
179	5375
179	5376
180	5500
180	5516
180	5505
180	5524
180	5501
180	5502
180	5503
180	5504
180	5506
180	5507
180	5508
180	5509
180	5510
180	5512
180	5513
180	5514
180	5515
180	5517
180	5518
180	5519
180	5520
180	5521
180	5522
180	5523
180	5525
180	5526
180	5527
180	5529
180	5530
180	5531
181	5534
181	5539
181	5549
181	5532
181	5533
181	5536
181	5537
181	5538
181	5540
181	5541
181	5542
181	5543
181	5544
181	5545
181	5546
181	5547
181	5548
181	5550
181	5551
181	5552
181	5553
181	5554
181	5555
181	5556
181	5557
181	5558
181	5559
181	5560
181	5561
181	5562
181	5563
182	5443
182	5457
182	5460
182	5438
182	5439
182	5442
182	5444
182	5445
182	5446
182	5447
182	5448
182	5449
182	5451
182	5452
182	5453
182	5454
182	5455
182	5456
182	5458
182	5459
182	5461
182	5462
182	5463
182	5464
182	5465
182	5466
182	5467
182	5468
182	5469
183	5471
183	5470
183	5472
183	5473
183	5474
183	5475
183	5476
183	5477
183	5479
183	5480
183	5481
183	5482
183	5483
183	5485
183	5486
183	5487
183	5488
183	5490
183	5491
183	5492
183	5493
183	5494
183	5495
183	5496
183	5497
183	5498
184	5131
184	5145
184	5132
184	5133
184	5134
184	5135
184	5136
184	5137
184	5138
184	5139
184	5141
184	5142
184	5144
184	5146
184	5147
184	5148
184	5149
184	5150
184	5151
184	5152
184	5153
184	5154
184	5155
184	5156
184	5157
184	5158
184	5159
184	5160
184	5161
185	5163
185	5167
185	5179
185	5162
185	5164
185	5165
185	5166
185	5168
185	5169
185	5170
185	5171
185	5172
185	5173
185	5174
185	5175
185	5176
185	5177
185	5180
185	5181
185	5182
185	5183
185	5184
185	5185
185	5186
185	5187
185	5188
185	5189
185	5190
185	5191
185	5192
186	5069
186	5068
186	5072
186	5070
186	5071
186	5073
186	5074
186	5075
186	5076
186	5077
186	5078
186	5079
186	5080
186	5081
186	5082
186	5083
186	5084
186	5085
186	5086
186	5087
186	5088
186	5089
186	5090
186	5091
186	5092
186	5093
186	5094
186	5095
186	5096
186	5097
186	5099
186	5100
187	5102
187	5103
187	5101
187	5104
187	5105
187	5106
187	5107
187	5108
187	5109
187	5110
187	5111
187	5112
187	5113
187	5114
187	5115
187	5116
187	5117
187	5118
187	5119
187	5120
187	5121
187	5122
187	5123
187	5124
187	5125
187	5126
187	5127
187	5128
187	5129
187	5130
188	5249
188	5258
188	5250
188	5251
188	5252
188	5255
188	5256
188	5257
188	5259
188	5260
188	5261
188	5263
188	5264
188	5265
188	5266
188	5267
188	5268
188	5269
188	5270
188	5271
188	5272
188	5273
188	5274
188	5275
188	5276
188	5278
188	5279
188	5280
188	5281
188	5282
188	5283
188	5284
189	5285
189	5286
189	5289
189	5296
189	5304
189	5305
189	5311
189	5287
189	5290
189	5291
189	5292
189	5293
189	5294
189	5295
189	5297
189	5298
189	5299
189	5300
189	5301
189	5302
189	5303
189	5306
189	5307
189	5309
189	5310
189	5312
190	5193
190	5194
190	5195
190	5196
190	5197
190	5198
190	5199
190	5200
190	5201
190	5202
190	5203
190	5205
190	5206
190	5207
190	5208
190	5209
190	5210
190	5211
190	5212
190	5213
190	5214
190	5215
190	5216
190	5217
190	5218
190	5219
190	5220
190	5221
190	5222
191	5224
191	5226
191	5227
191	5228
191	5229
191	5230
191	5231
191	5232
191	5234
191	5235
191	5236
191	5237
191	5238
191	5239
191	5240
191	5241
191	5242
191	5243
191	5244
191	5245
191	5246
191	5247
191	5248
192	5919
192	5920
192	5921
192	5923
192	5924
192	5925
192	5926
192	5927
192	5928
192	5929
192	5930
192	5931
192	5932
192	5933
192	5934
192	5935
192	5936
192	5937
192	5938
192	5939
192	5940
192	5942
192	5943
193	5893
193	5890
193	5891
193	5892
193	5894
193	5895
193	5896
193	5897
193	5898
193	5899
193	5900
193	5902
193	5903
193	5904
193	5905
193	5906
193	5908
193	5909
193	5910
193	5911
193	5912
193	5913
193	5914
193	5915
193	5917
193	5918
194	5976
194	5977
194	5981
194	5982
194	5978
194	5979
194	5980
194	5983
194	5984
194	5985
194	5986
194	5987
194	5988
194	5989
194	5990
194	5991
194	5992
194	5993
194	5994
194	5995
194	5996
194	5997
194	5998
194	5999
194	6000
194	6001
194	6002
194	6003
194	6004
194	6005
194	6007
194	6008
195	5944
195	5945
195	5946
195	5947
195	5948
195	5949
195	5950
195	5951
195	5952
195	5953
195	5954
195	5955
195	5956
195	5957
195	5958
195	5959
195	5960
195	5961
195	5962
195	5963
195	5964
195	5965
195	5966
195	5967
195	5968
195	5969
195	5970
195	5971
195	5972
195	5973
195	5974
195	5975
196	5810
196	5802
196	5803
196	5804
196	5805
196	5806
196	5807
196	5809
196	5811
196	5813
196	5814
196	5815
196	5816
196	5817
196	5818
196	5820
196	5821
196	5822
196	5823
196	5824
196	5825
196	5826
196	5828
196	5830
196	5831
196	5832
197	5777
197	5774
197	5775
197	5771
197	5772
197	5776
197	5778
197	5779
197	5780
197	5781
197	5782
197	5783
197	5784
197	5785
197	5786
197	5788
197	5789
197	5790
197	5791
197	5793
197	5794
197	5795
197	5796
197	5797
197	5798
197	5799
197	5800
197	5801
198	5866
198	5867
198	5876
198	5888
198	5868
198	5869
198	5870
198	5871
198	5872
198	5873
198	5874
198	5875
198	5877
198	5878
198	5879
198	5880
198	5881
198	5882
198	5883
198	5884
198	5885
198	5886
198	5887
198	5889
199	5833
199	5834
199	5835
199	5837
199	5838
199	5839
199	5840
199	5842
199	5843
199	5844
199	5845
199	5846
199	5847
199	5848
199	5849
199	5850
199	5851
199	5852
199	5853
199	5854
199	5855
199	5856
199	5857
199	5858
199	5859
199	5860
199	5861
199	5863
199	5864
199	5865
200	5706
200	5709
200	5710
200	5711
200	5712
200	5714
200	5715
200	5716
200	5717
200	5721
200	5722
201	5674
201	5675
201	5676
201	5677
201	5678
201	5679
201	5680
201	5681
201	5682
201	5683
201	5684
201	5685
201	5686
201	5687
201	5690
201	5691
201	5692
201	5694
201	5695
201	5696
201	5697
201	5698
201	5699
201	5700
201	5702
201	5703
202	5757
202	5758
202	5761
202	5762
202	5759
202	5760
202	5763
202	5764
202	5766
202	5768
202	5770
203	5723
203	5724
203	5725
203	5726
203	5727
203	5728
203	5729
203	5730
203	5731
203	5732
203	5733
203	5734
203	5735
203	5736
203	5737
203	5738
203	5739
203	5740
203	5742
203	5743
203	5744
203	5745
203	5746
203	5747
203	5748
203	5749
203	5751
203	5752
203	5753
203	5754
203	5755
203	5756
204	5594
204	5592
204	5593
204	5595
204	5596
204	5597
204	5599
204	5600
204	5602
204	5603
204	5604
204	5605
204	5606
204	5607
204	5608
204	5609
204	5610
204	5611
204	5612
204	5613
204	5614
204	5616
204	5617
204	5618
204	5619
205	5564
205	5565
205	5566
205	5573
205	5567
205	5568
205	5569
205	5570
205	5571
205	5572
205	5574
205	5575
205	5576
205	5577
205	5578
205	5579
205	5580
205	5581
205	5582
205	5583
205	5584
205	5585
205	5586
205	5587
205	5588
205	5589
205	5590
205	5591
206	5649
206	5650
206	5651
206	5653
206	5654
206	5655
206	5656
206	5657
206	5658
206	5659
206	5660
206	5661
206	5662
206	5664
206	5665
206	5666
206	5669
206	5670
206	5671
206	5672
206	5673
207	5620
207	5622
207	5626
207	5627
207	5621
207	5623
207	5624
207	5625
207	5628
207	5629
207	5630
207	5631
207	5632
207	5633
207	5634
207	5635
207	5636
207	5637
207	5638
207	5639
207	5640
207	5641
207	5642
207	5643
207	5644
207	5645
207	5646
207	5647
207	5648
208	6329
209	6331
209	6332
209	6339
209	6356
209	6333
209	6334
209	6336
209	6337
209	6338
209	6343
209	6344
209	6347
209	6348
209	6351
209	6352
209	6353
209	6355
209	6357
210	6360
210	6361
210	6365
210	6367
210	6377
210	6378
210	6362
210	6363
210	6366
210	6368
210	6369
210	6370
210	6371
210	6372
210	6373
210	6374
210	6376
210	6379
210	6380
210	6381
210	6382
210	6383
210	6384
210	6385
210	6386
211	6387
211	6388
211	6389
211	6390
211	6391
211	6392
211	6393
211	6394
211	6395
211	6396
211	6397
211	6398
211	6399
211	6400
211	6401
211	6402
211	6404
211	6405
211	6407
211	6408
211	6409
211	6410
211	6411
211	6412
211	6413
211	6414
211	6415
211	6416
211	6417
211	6418
211	6419
212	6210
212	6211
212	6225
212	6233
212	6212
212	6213
212	6214
212	6215
212	6216
212	6217
212	6218
212	6219
212	6220
212	6221
212	6222
212	6223
212	6224
212	6226
212	6227
212	6228
212	6229
212	6230
212	6231
212	6232
212	6234
212	6235
212	6236
212	6237
212	6239
213	6240
213	6241
213	6245
213	6251
213	6242
213	6243
213	6244
213	6246
213	6248
213	6249
213	6250
213	6252
213	6253
213	6254
213	6255
213	6256
213	6257
213	6258
213	6259
213	6260
213	6261
213	6262
213	6264
213	6265
213	6266
214	6299
214	6268
214	6269
214	6270
214	6271
214	6272
214	6273
214	6274
214	6275
214	6277
214	6278
214	6279
214	6281
214	6282
214	6283
214	6285
214	6286
214	6287
214	6288
214	6289
214	6290
214	6291
214	6292
214	6293
214	6294
214	6295
214	6296
214	6298
215	6300
215	6301
215	6308
215	6318
215	6302
215	6303
215	6304
215	6305
215	6306
215	6307
215	6309
215	6310
215	6311
215	6314
215	6315
215	6316
215	6317
215	6319
215	6320
215	6321
215	6322
215	6323
215	6324
215	6325
215	6326
215	6327
215	6328
216	6080
216	6081
216	6100
216	6105
216	6082
216	6083
216	6084
216	6085
216	6087
216	6088
216	6089
216	6090
216	6092
216	6093
216	6094
216	6095
216	6096
216	6097
216	6098
216	6099
216	6101
216	6102
216	6103
216	6104
216	6106
216	6107
216	6108
217	6111
217	6112
217	6116
217	6118
217	6128
217	6113
217	6114
217	6115
217	6117
217	6119
217	6120
217	6121
217	6122
217	6123
217	6124
217	6125
217	6126
217	6127
217	6129
217	6130
217	6131
217	6132
217	6133
217	6134
217	6135
217	6136
217	6137
217	6138
217	6139
217	6140
217	6141
217	6142
218	6143
218	6145
218	6147
218	6148
218	6152
218	6154
218	6144
218	6146
218	6149
218	6150
218	6151
218	6153
218	6155
218	6156
218	6157
218	6158
218	6159
218	6160
218	6161
218	6162
218	6163
218	6164
218	6165
218	6166
218	6167
218	6168
218	6169
218	6170
218	6171
218	6173
218	6174
218	6175
218	6176
218	6177
218	6178
218	6179
218	6180
218	6181
219	6183
219	6188
219	6193
219	6200
219	6205
219	6208
219	6184
219	6185
219	6186
219	6187
219	6189
219	6190
219	6191
219	6192
219	6194
219	6195
219	6196
219	6197
219	6198
219	6199
219	6201
219	6202
219	6203
219	6204
219	6206
219	6207
220	6011
220	6010
220	6012
220	6009
220	6013
220	6014
220	6015
220	6016
220	6017
220	6018
220	6019
220	6020
220	6021
220	6023
220	6024
220	6025
220	6026
220	6027
220	6028
220	6029
220	6030
220	6033
220	6034
220	6035
220	6036
220	6037
220	6038
220	6039
221	6041
221	6042
221	6053
221	6040
221	6043
221	6044
221	6046
221	6047
221	6048
221	6049
221	6050
221	6051
221	6052
221	6054
221	6055
221	6056
221	6057
221	6059
221	6060
221	6061
221	6062
221	6063
221	6064
221	6065
221	6066
221	6067
221	6068
221	6069
221	6071
221	6072
222	6073
222	6074
223	6075
223	6076
223	6077
223	6078
224	6875
224	6876
224	6877
224	6878
224	6880
224	6881
224	6882
224	6883
224	6885
224	6886
224	6887
224	6888
224	6889
224	6890
224	6891
224	6892
224	6893
224	6894
225	6842
225	6841
225	6843
225	6844
225	6845
225	6846
225	6847
225	6849
225	6850
225	6851
225	6852
225	6853
225	6854
225	6855
225	6856
225	6857
225	6858
225	6859
225	6861
225	6863
225	6864
225	6865
225	6866
225	6867
225	6868
225	6869
225	6870
225	6871
225	6872
225	6873
225	6874
226	6812
226	6813
226	6818
226	6819
226	6821
226	6814
226	6815
226	6816
226	6817
226	6820
226	6822
226	6823
226	6824
226	6825
226	6826
226	6827
226	6828
226	6829
226	6830
226	6831
226	6832
226	6833
226	6834
226	6835
226	6836
226	6837
226	6838
226	6839
226	6840
227	6779
227	6780
227	6781
227	6783
227	6784
227	6785
227	6786
227	6787
227	6788
227	6790
227	6791
227	6792
227	6793
227	6794
227	6795
227	6796
227	6797
227	6798
227	6799
227	6800
227	6801
227	6802
227	6804
227	6805
227	6806
227	6807
227	6808
227	6809
227	6810
227	6811
228	6753
228	6751
228	6752
228	6754
228	6755
228	6756
228	6757
228	6758
228	6759
228	6760
228	6761
228	6762
228	6763
228	6764
228	6765
228	6766
228	6767
228	6768
228	6769
228	6770
228	6771
228	6772
228	6773
228	6774
228	6775
228	6776
228	6777
228	6778
229	6721
229	6722
229	6728
229	6723
229	6724
229	6725
229	6726
229	6727
229	6730
229	6731
229	6732
229	6733
229	6734
229	6735
229	6736
229	6737
229	6739
229	6740
229	6741
229	6742
229	6743
229	6744
229	6745
229	6746
229	6747
229	6748
229	6749
230	6685
230	6688
230	6689
230	6690
230	6691
230	6692
230	6693
230	6694
230	6695
230	6696
230	6697
230	6698
230	6699
230	6700
230	6701
230	6702
230	6703
230	6704
230	6705
230	6707
230	6708
230	6710
230	6711
230	6712
230	6713
230	6714
230	6715
230	6716
230	6717
230	6718
230	6720
231	6655
231	6656
231	6657
231	6662
231	6658
231	6659
231	6660
231	6661
231	6663
231	6664
231	6665
231	6666
231	6667
231	6668
231	6669
231	6670
231	6673
231	6674
231	6675
231	6676
231	6677
231	6678
231	6679
231	6680
231	6681
231	6682
231	6683
232	6622
232	6625
232	6627
232	6623
232	6624
232	6626
232	6628
232	6629
232	6630
232	6632
232	6633
232	6634
232	6635
232	6636
232	6637
232	6638
232	6639
232	6640
232	6641
232	6642
232	6644
232	6645
232	6646
232	6647
232	6648
232	6649
232	6650
232	6651
232	6652
232	6653
233	6590
233	6592
233	6595
233	6599
233	6600
233	6606
233	6591
233	6593
233	6594
233	6597
233	6598
233	6601
233	6602
233	6603
233	6604
233	6605
233	6607
233	6608
233	6609
233	6610
233	6611
233	6612
233	6613
233	6614
233	6615
233	6616
233	6617
233	6618
233	6619
233	6620
233	6621
234	6558
234	6559
234	6560
234	6561
234	6562
234	6563
234	6564
234	6565
234	6566
234	6567
234	6569
234	6570
234	6571
234	6572
234	6573
234	6574
234	6575
234	6576
234	6577
234	6578
234	6579
234	6580
234	6581
234	6582
234	6583
234	6584
234	6585
234	6586
234	6587
234	6588
234	6589
235	6526
235	6527
235	6528
235	6529
235	6530
235	6531
235	6532
235	6533
235	6534
235	6535
235	6536
235	6537
235	6538
235	6539
235	6540
235	6541
235	6542
235	6543
235	6545
235	6546
235	6547
235	6548
235	6549
235	6550
235	6551
235	6552
235	6553
235	6554
235	6555
235	6556
235	6557
236	6502
236	6494
236	6493
236	6495
236	6496
236	6497
236	6498
236	6499
236	6500
236	6501
236	6503
236	6505
236	6506
236	6507
236	6508
236	6509
236	6510
236	6511
236	6512
236	6513
236	6514
236	6515
236	6516
236	6517
236	6518
236	6519
236	6520
236	6521
236	6522
236	6523
236	6524
236	6525
237	6467
237	6468
237	6483
237	6465
237	6466
237	6487
237	6469
237	6470
237	6471
237	6472
237	6473
237	6474
237	6475
237	6476
237	6477
237	6478
237	6479
237	6480
237	6481
237	6482
237	6484
237	6485
237	6486
237	6488
237	6489
237	6490
237	6491
237	6492
238	6432
238	6433
238	6431
238	6434
238	6435
238	6436
238	6437
238	6438
238	6440
238	6441
238	6442
238	6443
238	6444
238	6445
238	6446
238	6447
238	6448
238	6449
238	6450
238	6451
238	6452
238	6453
238	6454
238	6455
238	6456
238	6457
238	6458
238	6459
238	6460
238	6461
238	6462
238	6463
238	6464
239	6420
239	6422
239	6430
239	6424
239	6425
239	6426
239	6427
239	6428
239	6429
240	7178
240	7179
240	7180
240	7181
240	7182
240	7183
240	7184
240	7185
240	7186
240	7187
240	7188
240	7189
240	7190
240	7191
240	7192
240	7193
240	7194
240	7195
240	7196
240	7197
240	7198
240	7199
240	7200
240	7201
241	7202
241	7203
241	7204
241	7206
241	7215
241	7205
241	7207
241	7208
241	7209
241	7210
241	7211
241	7212
241	7213
241	7214
241	7216
241	7217
241	7218
241	7219
241	7220
241	7221
241	7222
241	7223
241	7224
241	7225
241	7226
241	7227
241	7228
242	7149
242	7145
242	7146
242	7150
242	7151
242	7152
242	7153
242	7154
242	7155
242	7156
242	7157
242	7158
242	7159
242	7160
242	7161
242	7162
242	7163
242	7165
242	7166
242	7167
242	7168
242	7169
242	7171
242	7172
242	7173
242	7174
242	7175
242	7176
242	7177
244	7110
244	7113
244	7114
244	7117
244	7108
244	7109
244	7111
244	7112
244	7115
244	7116
244	7118
244	7119
244	7120
244	7121
244	7122
244	7123
244	7124
244	7125
244	7126
244	7127
244	7128
244	7129
244	7130
244	7131
244	7132
244	7133
244	7134
244	7135
244	7136
244	7137
244	7138
244	7139
245	7141
245	7142
245	7143
245	7144
246	7047
246	7048
246	7049
246	7050
246	7051
246	7052
246	7053
246	7054
246	7055
246	7056
246	7057
246	7058
246	7059
246	7060
246	7062
246	7063
246	7064
246	7065
246	7066
246	7067
246	7068
246	7069
246	7070
246	7071
246	7072
246	7073
246	7074
246	7075
246	7076
246	7077
246	7078
246	7079
246	7080
246	7081
247	7082
247	7083
247	7084
247	7087
247	7090
247	7085
247	7086
247	7088
247	7089
247	7091
247	7092
247	7093
247	7094
247	7095
247	7096
247	7097
247	7098
247	7099
247	7100
247	7101
247	7102
247	7103
247	7104
247	7105
247	7106
247	7107
248	7017
248	7018
248	7022
248	7020
248	7021
248	7024
248	7027
248	7028
248	7029
248	7030
248	7031
248	7032
248	7033
248	7034
248	7035
248	7036
248	7037
248	7038
248	7039
248	7040
249	7043
249	7045
249	7046
249	7042
250	6968
250	6969
250	6970
250	6971
250	6978
250	6984
250	6972
250	6973
250	6974
250	6975
250	6976
250	6977
250	6979
250	6980
250	6981
250	6982
250	6983
250	6985
250	6986
250	6987
250	6988
250	6989
250	6990
250	6994
251	6995
251	6996
251	6997
251	6998
251	6999
251	7000
251	7001
251	7002
251	7003
251	7004
251	7005
251	7006
251	7007
251	7008
251	7009
251	7010
251	7011
251	7012
251	7013
251	7014
251	7015
252	6943
252	6944
252	6945
252	6958
252	6946
252	6947
252	6948
252	6949
252	6950
252	6951
252	6952
252	6953
252	6954
252	6956
252	6957
252	6959
252	6960
252	6961
253	6963
253	6964
253	6965
253	6966
253	6967
254	6895
254	6896
254	6898
254	6899
254	6900
254	6903
254	6904
254	6905
254	6897
254	6906
254	6907
254	6908
254	6909
254	6910
254	6911
254	6912
254	6913
254	6914
254	6915
254	6916
254	6917
254	6918
255	6922
255	6919
255	6920
255	6921
255	6923
255	6924
255	6925
255	6926
255	6927
255	6929
255	6930
255	6931
255	6932
255	6933
255	6934
255	6935
255	6936
255	6937
255	6938
255	6939
255	6940
255	6941
255	6942
256	7229
256	7230
256	7231
256	7232
256	7233
256	7234
256	7236
256	7237
256	7239
256	7240
256	7241
256	7242
256	7243
256	7244
256	7245
256	7247
256	7248
256	7249
256	7250
256	7251
256	7253
257	7255
257	7256